minx,miny,maxx,maxy
104.71320589596088,14.048192895457099,104.81320589596088,14.1481928954571
27.7845803128026,-11.180155765591152,27.8845803128026,-11.080155765591151
-89.21464146758129,17.54193729321301,-89.1146414675813,17.64193729321301
-62.41554792770279,-23.481563115326225,-62.315547927702795,-23.381563115326223
101.10005798377087,20.49028501188204,101.20005798377086,20.59028501188204
20.851987250695597,-6.307082767764879,20.9519872506956,-6.207082767764879
12.605062434740443,1.4283372698136245,12.705062434740444,1.5283372698136246
13.015924261537123,5.658413803252243,13.115924261537124,5.7584138032522425
-62.89565877925364,-17.33287707995683,-62.79565877925364,-17.23287707995683
-60.15382706281423,-24.854352604724728,-60.053827062814236,-24.754352604724726
-90.70073367679848,17.60119960161671,-90.60073367679848,17.70119960161671
12.93838962845659,0.5291034865434617,13.038389628456592,0.6291034865434618
104.83299410907989,13.507589166007017,104.93299410907989,13.607589166007019
-60.81231823262161,-23.751993951005993,-60.71231823262161,-23.65199395100599
-60.30439561221786,-22.32143073724117,-60.204395612217866,-22.221430737241167
11.781022371797482,5.388151852111115,11.881022371797483,5.488151852111114
18.47286603528691,-14.308100474162414,18.57286603528691,-14.208100474162412
13.004770087867966,5.786757640280167,13.104770087867967,5.886757640280167
14.08090183435744,0.7856191403149703,14.180901834357442,0.8856191403149704
-46.975258418260466,-11.157898992808779,-46.87525841826047,-11.057898992808777
38.338439258355564,-16.30346609546848,38.43843925835556,-16.203466095468478
27.947717685311297,-12.534694438370877,28.047717685311298,-12.434694438370876
24.17763087924084,3.1688705933046,24.277630879240842,3.2688705933046
-88.13587182713354,20.81668989003418,-88.03587182713355,20.91668989003418
-61.65246167018681,-17.62008379461605,-61.552461670186815,-17.52008379461605
-2.48672361760043,6.491872381995889,-2.3867236176004303,6.591872381995889
-89.20976280857157,18.948501315185318,-89.10976280857157,19.04850131518532
98.17976696832676,21.491934038730275,98.27976696832675,21.591934038730276
104.8851361977837,-3.221472137942768,104.98513619778369,-3.1214721379427686
-88.92764507756765,19.647222697026105,-88.82764507756765,19.747222697026107
106.56167898812303,16.24999168345934,106.66167898812303,16.34999168345934
-73.75623819763571,3.150723289875306,-73.65623819763572,3.250723289875306
-61.37958734336805,-22.464836733791227,-61.27958734336806,-22.364836733791225
105.99903306520487,12.011561311859026,106.09903306520486,12.111561311859028
104.31704123155828,13.435262936141736,104.41704123155827,13.535262936141738
-46.55393950170743,-13.028759361533414,-46.45393950170744,-12.928759361533412
-78.11289873455749,2.3481359591705204,-78.0128987345575,2.44813595917052
107.10692635934159,15.945064070049472,107.20692635934158,16.045064070049474
-1.2256245267350938,5.354242408415976,-1.1256245267350937,5.4542424084159755
16.445165741257103,-14.79215438566129,16.545165741257104,-14.692154385661288
11.514421612771105,1.8869854990734514,11.614421612771107,1.9869854990734515
27.050731793511332,3.098155324764125,27.150731793511333,3.198155324764125
107.01096981137077,15.401798043982353,107.11096981137077,15.501798043982355
12.613667247292858,5.962762246926563,12.71366724729286,6.062762246926563
-74.02866797016333,3.1965976644762057,-73.92866797016333,3.2965976644762054
-64.34799476682497,-27.462616833547557,-64.24799476682497,-27.362616833547555
-89.42441134891155,17.893790925525828,-89.32441134891155,17.99379092552583
-3.214670342133622,6.391674999074103,-3.114670342133622,6.491674999074102
11.769407273855602,4.577699472215927,11.869407273855604,4.677699472215926
14.248998227551622,0.08306212535920508,14.348998227551624,0.18306212535920507
26.242447569203676,-11.003646814654967,26.342447569203678,-10.903646814654966
106.29811501814159,16.344942376211133,106.39811501814158,16.444942376211134
109.43860651177233,1.130421784829667,109.53860651177233,1.230421784829667
104.7162004598372,13.206743687888268,104.81620045983719,13.30674368788827
106.72400737296742,15.246102282655238,106.82400737296742,15.34610228265524
106.31829180518751,16.242428449486834,106.41829180518751,16.342428449486835
39.104406360163,-15.543964105415387,39.20440636016299,-15.443964105415386
-10.038547755108613,8.968214484836116,-9.938547755108612,9.068214484836117
-64.82788984857221,-10.582388893139449,-64.72788984857222,-10.482388893139447
-63.32655045365971,-26.686115908860067,-63.22655045365972,-26.586115908860066
107.29069531975114,13.388961647355124,107.39069531975113,13.488961647355126
-69.46920491280682,-12.190746232078535,-69.36920491280682,-12.090746232078533
105.43622848897336,13.449484128401442,105.53622848897335,13.549484128401444
105.90400755801193,16.747043774216298,106.00400755801192,16.8470437742163
12.221126212300344,0.8523923055134709,12.321126212300346,0.952392305513471
12.539671917673848,1.30289138976793,12.63967191767385,1.40289138976793
-64.23044995476027,-17.6132302160969,-64.13044995476028,-17.513230216096897
106.4427585316793,11.97647109152958,106.5427585316793,12.076471091529582
12.659588733038598,4.741450467716096,12.7595887330386,4.841450467716095
-2.5262396435178216,6.476603212958589,-2.426239643517822,6.576603212958589
-64.4551584264054,-24.358902470697856,-64.35515842640541,-24.258902470697855
105.70485371932627,13.360246485634873,105.80485371932626,13.460246485634874
-60.594083032747655,-19.647582812799634,-60.49408303274766,-19.547582812799632
-10.78040903100606,7.584144471859939,-10.680409031006059,7.6841444718599385
44.06798294295538,-22.999109014259368,44.167982942955376,-22.899109014259366
-67.2974983094413,-15.155563469811783,-67.1974983094413,-15.055563469811782
12.578612665976067,4.864856331001114,12.678612665976068,4.964856331001114
-59.686561073834845,7.761632841725431,-59.58656107383485,7.861632841725431
105.52989673801252,13.237303085666792,105.62989673801252,13.337303085666793
106.2386736342804,12.212461226934314,106.3386736342804,12.312461226934316
103.05253868901362,-3.638294510734768,103.15253868901361,-3.5382945107347683
-61.647183279450346,-27.567840989890417,-61.54718327945035,-27.467840989890416
139.97521683203695,-7.941746905716541,140.07521683203697,-7.841746905716541
104.05592341911985,-3.067216071248446,104.15592341911984,-2.9672160712484463
13.271621589853286,1.8538635507611316,13.371621589853287,1.9538635507611317
-66.02916204660647,-16.09877442832705,-65.92916204660648,-15.99877442832705
-75.23649327471236,-9.076684986909866,-75.13649327471236,-8.976684986909865
145.53871747855158,-26.710612885016484,145.6387174785516,-26.610612885016483
-54.2455989461847,-14.73592147356923,-54.145598946184705,-14.635921473569228
12.144889404859232,1.4018630505748113,12.244889404859233,1.5018630505748114
150.14884742364907,-24.79940737844548,150.2488474236491,-24.69940737844548
-48.14307102964106,-10.886766551651304,-48.04307102964106,-10.786766551651302
27.748470641221257,-11.404335217522721,27.848470641221258,-11.30433521752272
48.96869897045669,-13.26659532545533,49.06869897045669,-13.16659532545533
-52.93898284015697,-15.455884960768667,-52.83898284015697,-15.355884960768666
40.32053803875954,-14.278629696082733,40.42053803875953,-14.178629696082732
-62.21683424272166,-18.33052821169987,-62.116834242721666,-18.23052821169987
105.63763339538478,12.168448514459119,105.73763339538478,12.26844851445912
141.14979900276398,-7.30994561501086,141.249799002764,-7.20994561501086
-89.38954613656998,16.730862530994678,-89.28954613656998,16.83086253099468
11.378114091262944,3.467855012803744,11.478114091262945,3.5678550128037436
106.14375495577089,12.319908448691555,106.24375495577088,12.419908448691556
48.58948048571577,-19.949189297348713,48.68948048571576,-19.849189297348712
11.839109706997387,3.4749455737778914,11.939109706997389,3.574945573777891
-71.52102557979798,3.3307128975581684,-71.42102557979798,3.430712897558168
104.86915270778375,13.687924868740408,104.96915270778375,13.78792486874041
27.434466904081408,-13.558946700356586,27.53446690408141,-13.458946700356584
-51.02810964845195,-13.04139871288879,-50.92810964845196,-12.94139871288879
-46.302547668716976,-10.611127055071613,-46.20254766871698,-10.511127055071611
-59.50636751106096,4.867346781048339,-59.406367511060964,4.967346781048339
40.35823322641687,-12.418014001466489,40.458233226416866,-12.318014001466487
115.00362425524504,-1.0120466688310208,115.10362425524504,-0.9120466688310207
104.69207166627146,13.93819248912525,104.79207166627145,14.038192489125251
107.13596249177267,12.838780990451777,107.23596249177267,12.938780990451779
-59.18868106839234,7.039578527391506,-59.08868106839235,7.139578527391506
-60.847139718546785,-20.364046159248414,-60.74713971854679,-20.264046159248412
-88.8693923312005,19.12681156418318,-88.7693923312005,19.22681156418318
100.79782208616135,21.462989944350454,100.89782208616134,21.562989944350456
-63.550649158575425,-28.159259644069817,-63.45064915857543,-28.059259644069815
-89.43088492990307,21.099249313461232,-89.33088492990308,21.199249313461234
-89.74844024926294,16.452366898012283,-89.64844024926295,16.552366898012284
97.80542031629281,23.84350364936741,97.9054203162928,23.94350364936741
12.28909725424251,1.236516317114224,12.389097254242511,1.336516317114224
-43.7322078080156,-7.713060514155793,-43.63220780801561,-7.613060514155793
14.871267846118513,1.1963944338493164,14.971267846118515,1.2963944338493165
-91.28585005604339,17.789573537525236,-91.18585005604339,17.889573537525237
-61.580034742823436,-19.95908215013202,-61.48003474282344,-19.859082150132018
-60.999583414237364,-15.938082399801736,-60.89958341423737,-15.838082399801735
-72.3252711403262,2.810113890459944,-72.2252711403262,2.9101138904599435
-73.93531362182651,2.175611751484683,-73.83531362182651,2.2756117514846825
-50.52605905103594,-11.04112753202655,-50.42605905103595,-10.941127532026549
-61.45392478434151,5.787799259989767,-61.353924784341515,5.887799259989767
-45.556975409766366,-5.876876598291568,-45.45697540976637,-5.776876598291568
-3.9345175124651393,7.588113767933252,-3.8345175124651396,7.688113767933252
-74.84130132052843,0.1268661468796387,-74.74130132052844,0.22686614687963874
-61.67006838926558,-21.646580370917977,-61.570068389265586,-21.546580370917976
11.559273756114695,6.241668725195171,11.659273756114697,6.341668725195171
24.841569544990772,-10.57838598897295,24.941569544990774,-10.47838598897295
13.096027820275873,0.46028917357070515,13.196027820275875,0.5602891735707052
153.08700615622612,-25.46624493603461,153.18700615622615,-25.366244936034608
-68.40122992203075,-9.294648310435559,-68.30122992203076,-9.194648310435557
-63.59024697642636,-14.69155013171185,-63.49024697642636,-14.591550131711848
43.32627649247988,-22.471163935937785,43.42627649247987,-22.371163935937783
-53.87243274458492,-14.645404974211885,-53.772432744584926,-14.545404974211884
-73.99649446729062,1.6763810089874016,-73.89649446729062,1.7763810089874017
-67.23821579070899,-15.733252084795236,-67.138215790709,-15.633252084795235
-89.00705244956704,17.130665327843754,-88.90705244956705,17.230665327843756
-61.335540592942664,-26.08464369456768,-61.23554059294267,-25.98464369456768
-60.29256091461018,7.690197428119908,-60.19256091461018,7.790197428119908
12.547035820826169,1.1675758223367387,12.64703582082617,1.2675758223367388
11.374751448914246,6.155112525772269,11.474751448914247,6.255112525772269
20.913168531528562,-15.354945707866346,21.013168531528564,-15.254945707866344
12.608739125737761,4.951814905526249,12.708739125737763,5.051814905526249
23.6623871581094,-13.329790833652698,23.7623871581094,-13.229790833652697
12.25390054448793,0.7584353241364203,12.353900544487932,0.8584353241364204
27.30990088749041,4.185684800760001,27.409900887490412,4.28568480076
13.326868672877076,0.5657473653696411,13.426868672877077,0.6657473653696412
-1.9988606968828873,5.83325282922724,-1.8988606968828872,5.933252829227239
11.21164059450269,4.17911097390834,11.311640594502691,4.27911097390834
-59.23499914579163,-21.460237821068244,-59.13499914579164,-21.360237821068242
114.96286137715455,-1.6611996807846225,115.06286137715455,-1.5611996807846225
-44.793686191597615,-8.583836773517456,-44.69368619159762,-8.483836773517455
-3.622932445414574,5.3283475770701925,-3.5229324454145745,5.428347577070192
-50.920777753215276,-14.706431948802338,-50.82077775321528,-14.606431948802337
-90.36920557678577,15.992250300336309,-90.26920557678578,16.09225030033631
-88.01975487500415,21.204729003632803,-87.91975487500416,21.304729003632804
-89.8471693891384,19.235067055818174,-89.7471693891384,19.335067055818175
19.822315369522098,-14.584490389942472,19.9223153695221,-14.48449038994247
-49.15966634450351,-12.59610474083265,-49.05966634450352,-12.49610474083265
28.709047727316904,-13.880601258166982,28.809047727316905,-13.78060125816698
107.1129473891716,14.896507037497257,107.21294738917159,14.996507037497258
141.39855956479335,-7.416826864038275,141.49855956479337,-7.316826864038275
11.523536139904703,2.3477727558141317,11.623536139904704,2.4477727558141313
19.19652054917987,-14.524152544945517,19.29652054917987,-14.424152544945516
110.46707595818734,-1.7872762373716917,110.56707595818733,-1.6872762373716916
132.9365401940237,-0.8246899327988999,133.03654019402373,-0.7246899327988998
-88.73410296406203,20.01623846401784,-88.63410296406204,20.11623846401784
-45.36242756798089,-10.771186967272788,-45.26242756798089,-10.671186967272787
22.687828781625015,4.254341020459222,22.787828781625016,4.354341020459222
-89.14720867721188,19.642231705824255,-89.04720867721188,19.742231705824256
148.9682168823483,-37.102763499147,149.0682168823483,-37.00276349914701
-62.76912372107379,-4.872115036182746,-62.669123721073795,-4.772115036182746
-88.86402080896056,18.145618975107244,-88.76402080896057,18.245618975107245
107.03160404248588,14.773628485407965,107.13160404248588,14.873628485407966
139.55800397321133,-3.840519891770085,139.65800397321135,-3.7405198917700853
112.02592358955444,2.7669110133232406,112.12592358955443,2.8669110133232403
-2.5024002863655523,6.614038025771349,-2.4024002863655527,6.714038025771349
14.188689108345223,-0.14448965189520344,14.288689108345224,-0.04448965189520343
114.83185626769497,4.832915313732277,114.93185626769497,4.932915313732277
27.26573249324472,-13.20377056982931,27.36573249324472,-13.103770569829308
-58.96984145254217,-21.48895800771073,-58.869841452542175,-21.388958007710727
104.74026946678825,13.42839759536901,104.84026946678824,13.528397595369011
19.614777717493766,-11.859872200582824,19.714777717493767,-11.759872200582823
12.151854423366785,3.0232759153268867,12.251854423366787,3.1232759153268863
-62.150458165351644,5.258429687620181,-62.05045816535165,5.3584296876201805
-73.34489416085815,3.0422973456170332,-73.24489416085815,3.142297345617033
12.829519412165101,5.299592469400742,12.929519412165103,5.399592469400742
-2.6077216354758095,6.471014419916196,-2.50772163547581,6.571014419916196
-4.55228476124044,7.70091906798617,-4.45228476124044,7.80091906798617
-8.873062780018303,7.955630837591163,-8.773062780018302,8.055630837591163
104.04049295713274,-1.671845439236104,104.14049295713274,-1.5718454392361039
14.151459990497358,2.0315090415738313,14.25145999049736,2.131509041573831
-64.7510696900408,-25.228444548794084,-64.6510696900408,-25.128444548794082
103.10653361388337,-2.761663584454271,103.20653361388337,-2.6616635844542715
18.340788820400693,-14.82742167809028,18.440788820400694,-14.727421678090279
107.35362513249642,14.751823057663742,107.45362513249641,14.851823057663744
140.00537039350505,-8.070738914511987,140.10537039350507,-7.970738914511986
12.756314897759907,3.312922127991208,12.856314897759908,3.412922127991208
106.5435860174486,13.745609926261189,106.6435860174486,13.84560992626119
106.50140227231324,15.987009860135363,106.60140227231324,16.087009860135364
11.607755897566808,4.930202436891313,11.707755897566809,5.0302024368913125
106.72474648445605,12.364993968792028,106.82474648445604,12.46499396879203
-62.403852277567296,-16.157237164541307,-62.3038522775673,-16.057237164541306
117.16816342580718,5.498553430292745,117.26816342580717,5.598553430292744
-88.28662917515999,18.0266287107615,-88.18662917516,18.1266287107615
138.39263432210637,-5.03993565913511,138.4926343221064,-4.93993565913511
-72.70429441222389,2.113471527018054,-72.6042944122239,2.213471527018054
-45.923378523238135,-8.1263086612119,-45.82337852323814,-8.026308661211898
138.53756846281556,-5.540315704084212,138.63756846281558,-5.440315704084212
26.034559115317332,-12.304955838090166,26.134559115317334,-12.204955838090164
-65.95059753333392,5.661260685873361,-65.85059753333393,5.761260685873361
-76.34007739307951,-5.922655810565652,-76.24007739307952,-5.822655810565652
12.21046346176099,6.040980543427528,12.31046346176099,6.140980543427528
-63.21107118957726,-6.123366453196927,-63.11107118957727,-6.023366453196927
-58.93478661808571,6.773916725873858,-58.834786618085715,6.873916725873857
-89.09414071649562,20.868089489105085,-88.99414071649562,20.968089489105086
-61.0895258601012,-17.58986315158624,-60.9895258601012,-17.48986315158624
-66.58666735047372,-15.57268897326318,-66.48666735047372,-15.472688973263178
14.352096456292298,1.600333759948717,14.452096456292299,1.7003337599487172
103.10291086278723,-2.4554651956533147,103.20291086278722,-2.355465195653315
-55.80301223779705,-8.157038201764191,-55.703012237797054,-8.05703820176419
114.63064432320849,-1.3222822856756247,114.73064432320848,-1.2222822856756246
28.755028946335987,3.463628494583455,28.855028946335988,3.5636284945834547
104.92125552773945,13.439194185342062,105.02125552773944,13.539194185342064
-88.62539489077909,17.903815954205648,-88.5253948907791,18.00381595420565
-73.36061330295429,2.2910356100203275,-73.2606133029543,2.391035610020327
99.82425093504213,23.20540721598115,99.92425093504212,23.305407215981152
106.7824232042081,16.182347173814566,106.8824232042081,16.282347173814568
-89.11479987565859,17.929382696185385,-89.0147998756586,18.029382696185387
106.69530358865258,15.694494552114655,106.79530358865257,15.794494552114656
-88.80605320780843,21.27675854835859,-88.70605320780844,21.37675854835859
13.934163240554412,5.474735904413767,14.034163240554413,5.5747359044137665
106.24994533574531,12.002572151096922,106.3499453357453,12.102572151096924
152.74927518413404,-31.136125938578918,152.84927518413406,-31.036125938578916
-55.69856389190163,-4.178720711196493,-55.598563891901634,-4.078720711196493
107.17092583539126,15.133249094488693,107.27092583539125,15.233249094488695
13.001540780254999,5.587507349856463,13.101540780255,5.687507349856463
-45.24372199782594,-6.821231003590591,-45.14372199782595,-6.721231003590591
15.19702349629985,0.3891878800355317,15.297023496299852,0.48918788003553165
32.74660442089097,-19.48933284084135,32.84660442089096,-19.389332840841348
19.013669343058798,-12.061326694423474,19.1136693430588,-11.961326694423473
13.176915514249881,1.3584751453180288,13.276915514249882,1.458475145318029
-60.40876332500787,-17.6031190043064,-60.308763325007874,-17.5031190043064
-89.3123204187156,19.88016962795506,-89.2123204187156,19.98016962795506
106.19932897891596,12.259191124351686,106.29932897891595,12.359191124351687
23.42863118731604,-13.234438255338615,23.52863118731604,-13.134438255338614
27.35255989138465,-12.569818730304695,27.452559891384652,-12.469818730304693
13.241162376114705,1.8802732060758982,13.341162376114706,1.9802732060758983
25.64728885741745,3.9093051851709966,25.747288857417452,4.009305185170996
21.994213085706267,-5.776653335006922,22.09421308570627,-5.676653335006923
11.343298017016501,3.685979173526477,11.443298017016502,3.7859791735264765
95.85108142054754,26.232608852255566,95.95108142054754,26.332608852255568
12.782391409418793,5.5120618009317495,12.882391409418794,5.612061800931749
11.692553872415466,3.4931775642207343,11.792553872415468,3.593177564220734
-60.00000927710198,-5.626245763842271,-59.90000927710199,-5.5262457638422715
106.42274699518669,16.240982025723284,106.52274699518668,16.340982025723285
-69.69342223865334,-11.439494721878235,-69.59342223865335,-11.339494721878234
21.832709458919418,4.945936196232871,21.93270945891942,5.045936196232871
105.45074648090686,12.274457283774952,105.55074648090685,12.374457283774953
-8.991411809685312,5.695807047592596,-8.89141180968531,5.795807047592596
38.442862501020514,-16.309592742705096,38.54286250102051,-16.209592742705095
12.45872309418765,5.374788417411314,12.558723094187652,5.474788417411314
106.5492661089221,15.402609172171214,106.64926610892209,15.502609172171216
-10.30087349383154,6.127265832090267,-10.200873493831539,6.227265832090267
-91.05839875132878,17.288368390463,-90.95839875132879,17.388368390463
-3.5418631669527665,8.410754595482347,-3.441863166952767,8.510754595482348
23.696710890612884,-14.38114529478941,23.796710890612886,-14.28114529478941
113.90863561567052,-1.0355626761625898,114.00863561567051,-0.9355626761625897
-90.75812477027863,17.81267164108189,-90.65812477027863,17.912671641081893
-10.235359845770565,8.759293746091608,-10.135359845770564,8.859293746091609
13.466873960733892,4.78971037083467,13.566873960733894,4.88971037083467
-89.1881463071588,21.23597865715389,-89.08814630715881,21.33597865715389
12.612041962402879,1.2550468060416458,12.71204196240288,1.3550468060416458
-61.103197835782126,-20.186044133691222,-61.00319783578213,-20.08604413369122
12.28801880500529,3.377523659187185,12.388018805005292,3.4775236591871845
11.162576276387608,5.612618569841641,11.262576276387609,5.7126185698416405
106.04588746088189,16.74020972229859,106.14588746088188,16.840209722298592
-60.723694262748644,5.8274352210455715,-60.62369426274865,5.927435221045571
-54.34570668007387,-15.913959454717563,-54.24570668007387,-15.813959454717562
12.770504383190204,2.8583651771788396,12.870504383190205,2.9583651771788393
97.32912901962547,24.626423097411003,97.42912901962546,24.726423097411004
9.959762761544235,4.500448158720339,10.059762761544237,4.600448158720338
12.777539208850536,3.0037383312016526,12.877539208850537,3.103738331201652
-8.026860331989793,6.125209574688496,-7.9268603319897935,6.2252095746884955
13.081968472127203,1.7076347379432575,13.181968472127204,1.8076347379432576
106.00510769387851,12.108058957096585,106.10510769387851,12.208058957096586
-75.00785880215508,0.09856086442181779,-74.90785880215509,0.1985608644218178
-8.034901988143998,6.954902714108243,-7.934901988143999,7.054902714108243
101.25930765591929,-1.7770236244023818,101.35930765591928,-1.6770236244023817
106.22247165478568,16.272244935957044,106.32247165478567,16.372244935957045
10.417020755581031,4.309274600820587,10.517020755581033,4.409274600820587
-50.2869729276524,-13.189494467306078,-50.186972927652405,-13.089494467306077
13.204516404999291,1.7027558002727365,13.304516404999292,1.8027558002727366
27.930414801730077,-11.317012678669807,28.03041480173008,-11.217012678669805
-47.18089213290324,-5.688993649750201,-47.080892132903244,-5.5889936497502015
-63.579883618577895,-16.499266166484244,-63.4798836185779,-16.399266166484242
-88.87471676004627,20.554766323912204,-88.77471676004627,20.654766323912206
43.95471005907151,-17.610297012992476,44.0547100590715,-17.510297012992474
-67.09421550980076,4.020554379178392,-66.99421550980077,4.120554379178392
106.28465385383973,13.060560102016579,106.38465385383972,13.16056010201658
11.849684518974295,5.96345034688062,11.949684518974296,6.06345034688062
132.90732623993387,-2.2754677056650294,133.0073262399339,-2.17546770566503
-74.71156014119082,0.10806543977479462,-74.61156014119082,0.20806543977479464
-62.67699794451635,-25.28974903319207,-62.57699794451636,-25.18974903319207
36.69519884697416,-16.077434071820218,36.79519884697415,-15.977434071820216
106.95678934410702,12.89095157930663,107.05678934410702,12.990951579306632
107.22945294146682,12.800174311814342,107.32945294146681,12.900174311814343
-51.029825058558814,-14.949281445121706,-50.92982505855882,-14.849281445121704
-64.07037749258664,-17.213934662498243,-63.97037749258665,-17.11393466249824
-1.7269284069681075,6.59012493979328,-1.6269284069681074,6.69012493979328
106.31105773159743,14.860818551046817,106.41105773159742,14.960818551046819
-58.49361627904298,-22.16779498556042,-58.39361627904299,-22.06779498556042
106.01626764124828,16.31537468900872,106.11626764124827,16.415374689008722
11.614985124275044,4.198762512187934,11.714985124275046,4.298762512187934
27.54450132344643,-12.234208680101188,27.64450132344643,-12.134208680101187
-8.502199186722997,8.307676340456364,-8.402199186722996,8.407676340456366
-64.2639983520198,-26.260755413186146,-64.1639983520198,-26.160755413186145
24.605627763840573,-13.615865564315381,24.705627763840575,-13.51586556431538
12.35534987323987,2.8781662301531243,12.455349873239872,2.978166230153124
-74.74547583339087,-8.964104781962755,-74.64547583339088,-8.864104781962753
12.070856441573333,4.068878067613341,12.170856441573335,4.168878067613341
101.88279241011685,0.9735171726852785,101.98279241011684,1.0735171726852786
-1.5386215632717086,7.218477483950477,-1.4386215632717085,7.318477483950477
102.12034541499625,-3.4063294410741825,102.22034541499625,-3.306329441074183
102.66426427730757,-3.1184753985466385,102.76426427730756,-3.018475398546639
-54.2053589173644,-14.786842406859783,-54.105358917364406,-14.686842406859782
107.34495489208818,14.75944568910936,107.44495489208818,14.85944568910936
105.66267854682833,-3.857502441477652,105.76267854682833,-3.7575024414776523
13.910512757325531,1.4777640457911685,14.010512757325532,1.5777640457911686
-72.30261260045071,2.99202031603065,-72.20261260045072,3.09202031603065
-60.71999760884026,-24.22735332953071,-60.619997608840265,-24.12735332953071
-67.23853253779444,-15.47714951865375,-67.13853253779445,-15.377149518653749
27.592247103070143,-11.19425162651094,27.692247103070144,-11.094251626510939
40.02115098580565,-15.68319647821306,40.12115098580564,-15.58319647821306
44.806553287425935,-22.413875059037494,44.90655328742593,-22.313875059037493
-2.008730982497462,5.01950475169299,-1.908730982497462,5.11950475169299
-58.38984243519624,-20.318221698001718,-58.28984243519625,-20.218221698001717
-60.05764754262204,-13.182460660157718,-59.95764754262205,-13.082460660157716
-62.6995041472725,-27.824297739711817,-62.599504147272505,-27.724297739711815
106.50069917633695,12.024947460389095,106.60069917633695,12.124947460389096
10.253968926188428,4.48286485921097,10.35396892618843,4.58286485921097
102.11839945873805,-1.6868225698552137,102.21839945873805,-1.5868225698552136
-62.4776626440971,-16.55338691306255,-62.37766264409711,-16.45338691306255
-65.97804313467388,-15.922953406584408,-65.87804313467389,-15.822953406584407
-88.5005049417676,19.20313316521963,-88.40050494176761,19.30313316521963
-74.92581751010657,-9.624178590299273,-74.82581751010657,-9.524178590299272
107.19661079882249,12.921012009410004,107.29661079882248,13.021012009410006
46.7764671215254,-24.57281012645468,46.876467121525394,-24.47281012645468
11.844955870491452,5.898785807825655,11.944955870491453,5.998785807825655
100.86889293469727,21.61413778012843,100.96889293469727,21.714137780128432
13.605764220909824,5.468705374089684,13.705764220909826,5.568705374089683
-60.08273904368959,-23.535969048169108,-59.9827390436896,-23.435969048169106
-58.10524325163141,-20.428421064518684,-58.00524325163141,-20.328421064518682
-69.44146339580985,-11.724959930198763,-69.34146339580985,-11.624959930198761
106.61169146087899,15.37556662114702,106.71169146087898,15.47556662114702
102.50667911310349,19.914134468114373,102.60667911310348,20.014134468114374
-47.10508926040932,-6.413859156904741,-47.00508926040933,-6.3138591569047415
22.869966283229264,3.379088971806018,22.969966283229265,3.479088971806018
-64.70818944504316,-16.236971157547398,-64.60818944504317,-16.136971157547396
107.01400123628204,15.99062487773709,107.11400123628204,16.090624877737092
10.976792970597492,1.4069912055249663,11.076792970597493,1.5069912055249663
-74.10183489326596,0.6054137700220417,-74.00183489326596,0.7054137700220418
-68.40048196344995,-9.864914427882562,-68.30048196344995,-9.76491442788256
139.02220240225412,-7.672507311765556,139.12220240225415,-7.572507311765556
19.685497654918937,-14.257808255997956,19.785497654918938,-14.157808255997955
26.315062266944086,5.825939034714137,26.415062266944087,5.925939034714137
106.03595522096131,12.10227524332537,106.1359552209613,12.20227524332537
-90.65401711138878,16.197377872667793,-90.55401711138879,16.297377872667795
148.7575859279026,-9.221651427235136,148.85758592790262,-9.121651427235134
17.298373223379837,-13.61863523973918,17.39837322337984,-13.51863523973918
146.75932024377622,-8.83630824127819,146.85932024377624,-8.736308241278188
-65.50663188892983,-16.30577526289063,-65.40663188892984,-16.20577526289063
104.50321151311431,13.649625250724032,104.6032115131143,13.749625250724034
12.659794227631313,1.3467396302175259,12.759794227631314,1.446739630217526
106.28608319977374,16.157890734141475,106.38608319977374,16.257890734141476
25.57266127452841,5.837196585871803,25.672661274528412,5.937196585871803
-44.60241075671519,-9.09208119536169,-44.50241075671519,-8.992081195361688
-89.78403225704608,19.81113206234725,-89.68403225704608,19.911132062347253
-65.79105246741454,-16.015614511621493,-65.69105246741455,-15.915614511621492
12.807587801959189,6.046867656662339,12.90758780195919,6.146867656662339
-66.26925303169514,-14.562123391748244,-66.16925303169515,-14.462123391748243
-62.20493375514821,5.4132853097860165,-62.10493375514822,5.513285309786016
147.34086361681176,-25.202375506175038,147.44086361681178,-25.102375506175036
12.950808885496091,2.060091466113028,13.050808885496092,2.1600914661130277
18.89697911955705,-15.303760278639356,18.99697911955705,-15.203760278639354
-89.12805053064113,17.473452822203914,-89.02805053064114,17.573452822203915
101.02998712995723,-0.24961671386332468,101.12998712995723,-0.1496167138633247
37.331961770922604,-16.952991901684616,37.4319617709226,-16.852991901684614
106.54395471923763,12.884321636170206,106.64395471923763,12.984321636170208
-75.30856804579909,-9.54777205348725,-75.2085680457991,-9.447772053487249
106.99949764789925,12.489414074015983,107.09949764789924,12.589414074015984
15.213682886186444,0.5151567771292284,15.313682886186445,0.6151567771292284
-62.204421595512095,5.909467446198998,-62.1044215955121,6.009467446198998
-62.09220759961964,-27.849322133119024,-61.99220759961965,-27.749322133119023
-10.62130548638858,8.132619296074841,-10.521305486388579,8.232619296074843
11.344063486471708,5.357009562988479,11.444063486471709,5.457009562988478
106.24751309203835,16.20030689646293,106.34751309203834,16.30030689646293
40.18678066371054,-12.369858737035921,40.28678066371054,-12.26985873703592
-58.946415211823194,5.793629455353295,-58.8464152118232,5.893629455353294
-89.51887403254624,16.724847775881585,-89.41887403254624,16.824847775881587
-62.86501937008122,-18.137916066306968,-62.76501937008123,-18.037916066306966
145.65952758475504,-31.780654401096545,145.75952758475506,-31.680654401096543
-63.00523310329116,-24.145829908051535,-62.90523310329117,-24.045829908051534
107.01935576761377,12.433507180111885,107.11935576761377,12.533507180111886
106.63834140856169,16.07649012674024,106.73834140856168,16.17649012674024
-73.5596787588972,2.5258948371719767,-73.45967875889721,2.6258948371719764
12.980313140733625,0.7220988315985832,13.080313140733626,0.8220988315985833
-90.83356524749371,16.601060199321616,-90.73356524749371,16.701060199321617
12.964322144294659,3.2351183705419087,13.06432214429466,3.3351183705419083
101.78413297220256,-1.6183395689869646,101.88413297220255,-1.5183395689869645
-60.26877138884615,-17.364061077234673,-60.16877138884615,-17.264061077234672
106.84897867511316,15.537077194002327,106.94897867511315,15.637077194002329
-58.09677554635522,5.2186810107663595,-57.996775546355224,5.318681010766359
-89.92277115919052,15.99053509795138,-89.82277115919052,16.09053509795138
16.744155828710852,-13.752759268161068,16.844155828710853,-13.652759268161066
19.108358177488217,-14.448623860008265,19.20835817748822,-14.348623860008264
11.92867825822476,0.7716518522429594,12.028678258224762,0.8716518522429595
14.504976630251225,0.948441659917895,14.604976630251226,1.048441659917895
-8.075216851390987,7.569536612076867,-7.975216851390987,7.669536612076866
11.859589265017018,3.5627973655980627,11.95958926501702,3.6627973655980623
18.59696885757379,-14.62655566414737,18.69696885757379,-14.526555664147368
102.47421924991515,20.307040903249938,102.57421924991515,20.40704090324994
109.16623769415726,0.9102357971015722,109.26623769415725,1.0102357971015723
13.435157538317352,-0.004093621556289159,13.535157538317353,0.09590637844371085
14.039383112742208,1.5127442345807773,14.139383112742209,1.6127442345807774
105.98405194559469,16.740028884397706,106.08405194559468,16.840028884397707
100.26982266035887,-0.7572501562949177,100.36982266035886,-0.6572501562949176
-50.55004374525945,-11.383731005166457,-50.45004374525946,-11.283731005166455
-89.75861663611359,17.03743869736292,-89.65861663611359,17.13743869736292
105.79729001709703,16.879666093969934,105.89729001709702,16.979666093969936
-46.73469107836336,-9.208347224405795,-46.63469107836337,-9.108347224405794
11.990250795245121,1.4239186544891995,12.090250795245122,1.5239186544891996
11.224068491641397,3.402256090705592,11.324068491641398,3.5022560907055915
20.569631307573033,-14.671295399177742,20.669631307573034,-14.57129539917774
105.74021607266226,12.442706998970191,105.84021607266226,12.542706998970193
-48.625125629325304,-7.84463781474578,-48.52512562932531,-7.74463781474578
-62.313186589610225,-21.418711822968074,-62.21318658961023,-21.318711822968073
23.24247004000318,-5.6261920649265065,23.34247004000318,-5.526192064926507
26.516510689155073,4.723206626002149,26.616510689155074,4.823206626002149
101.94171636343036,0.6607736546755747,102.04171636343035,0.7607736546755748
-3.0633649359142856,5.234279128000647,-2.963364935914286,5.334279128000647
-46.802830874411626,-7.9962191916749275,-46.70283087441163,-7.896219191674928
101.01513112210662,-1.778678192677125,101.11513112210662,-1.6786781926771248
12.733742300895793,0.2608016728914619,12.833742300895794,0.36080167289146187
-90.02628650908083,16.612494449810157,-89.92628650908084,16.71249444981016
-74.06241432891309,2.787461718705702,-73.9624143289131,2.8874617187057017
-90.20067803729725,19.08840649019251,-90.10067803729726,19.188406490192513
12.529015254346863,4.202806821932925,12.629015254346864,4.302806821932925
112.6153088241204,-1.795234547243487,112.7153088241204,-1.6952345472434869
105.83309053112077,12.72548158833958,105.93309053112077,12.825481588339581
19.766103716743675,-14.585764549585026,19.866103716743677,-14.485764549585024
-1.781589132849516,6.9209258894499905,-1.6815891328495158,7.02092588944999
26.933748678861665,-12.340763416741613,27.033748678861667,-12.240763416741611
-91.29167004431785,17.93627821977449,-91.19167004431786,18.03627821977449
37.85342695894073,-16.729750211856025,37.953426958940724,-16.629750211856024
-61.917037683799265,-17.952193330091706,-61.81703768379927,-17.852193330091705
-70.36053716151304,-13.00551295117961,-70.26053716151304,-12.905512951179608
-87.91833699420951,20.819457817746656,-87.81833699420952,20.919457817746657
-58.83511178994325,7.404795738292442,-58.735111789943254,7.504795738292442
-63.09445477523866,-17.1953786583626,-62.994454775238665,-17.0953786583626
102.25432853852391,20.68436852549667,102.3543285385239,20.78436852549667
-75.90362838165355,-9.214783525810216,-75.80362838165355,-9.114783525810214
43.787480513885406,-22.009833689718864,43.8874805138854,-21.909833689718862
110.65879587808949,-2.0503920051235993,110.75879587808949,-1.9503920051235994
44.48837208886632,-21.139809897285165,44.588372088866315,-21.039809897285163
106.06652576330953,12.15958982435458,106.16652576330952,12.259589824354581
143.28016519630123,-33.498365334270225,143.38016519630125,-33.39836533427023
106.3349860185678,15.497853132810228,106.4349860185678,15.59785313281023
-51.08495964871645,-11.32715936194346,-50.984959648716455,-11.227159361943459
100.68168144657899,-0.4016135114156178,100.78168144657899,-0.3016135114156178
113.55780534959494,-2.083561447190471,113.65780534959494,-1.983561447190471
13.42721504941266,5.007524035223066,13.52721504941266,5.107524035223066
-52.28983449874997,-11.60299946702189,-52.189834498749974,-11.502999467021889
29.348838127507772,2.7567912326823194,29.448838127507774,2.856791232682319
-90.33569724289964,17.070793784681126,-90.23569724289965,17.170793784681127
-50.88820987115904,-7.767859016777697,-50.78820987115905,-7.667859016777697
12.6548565584468,3.518086072736149,12.754856558446802,3.6180860727361486
106.92041341485816,13.956194872646073,107.02041341485815,14.056194872646074
11.08139170845262,1.357082217511089,11.18139170845262,1.4570822175110891
-74.11308729013575,1.420701423547093,-74.01308729013576,1.520701423547093
-51.014669607247555,-12.170754163747823,-50.91466960724756,-12.070754163747822
-90.8414743595533,17.306167345167406,-90.74147435955331,17.406167345167407
107.06141796138581,12.631189509811028,107.16141796138581,12.73118950981103
46.81038682173366,-24.61499418221457,46.91038682173365,-24.51499418221457
23.259153577690817,-13.77554806802542,23.35915357769082,-13.67554806802542
-1.3045265962133208,6.413657862724068,-1.2045265962133207,6.5136578627240675
-60.710240867514806,-22.771137013365536,-60.61024086751481,-22.671137013365534
146.52411353764703,-23.496718548840864,146.62411353764705,-23.396718548840862
106.93412870972803,16.075066354739587,107.03412870972802,16.175066354739588
-50.641704250170896,-11.989366232375673,-50.5417042501709,-11.889366232375671
20.436513142414025,-12.210587579941395,20.536513142414027,-12.110587579941393
106.27677941584652,15.406738807597714,106.37677941584651,15.506738807597715
17.98674089994296,-14.94944400885255,18.08674089994296,-14.849444008852549
115.66651969693577,-3.517351351239163,115.76651969693576,-3.4173513512391636
-58.77838624869672,-22.822235888059527,-58.678386248696725,-22.722235888059526
23.03867994607959,1.475806994820157,23.13867994607959,1.5758069948201572
24.89450502162173,-10.780500604075067,24.99450502162173,-10.680500604075066
17.97707941316838,-14.791825636189914,18.07707941316838,-14.691825636189913
-8.808547593171157,8.38584190655516,-8.708547593171156,8.485841906555162
-90.3186423136422,18.95556874329168,-90.2186423136422,19.05556874329168
-66.47749221222149,-14.818763153786783,-66.3774922122215,-14.718763153786782
-76.97125371574312,-7.399818986742672,-76.87125371574312,-7.299818986742673
-44.654056945670376,-14.908357258831984,-44.55405694567038,-14.808357258831983
106.20587534379472,16.92560518978332,106.30587534379471,17.02560518978332
-61.49520762176348,-7.591029773942328,-61.39520762176348,-7.491029773942328
105.32333280149408,-2.7253953858653035,105.42333280149407,-2.625395385865304
12.54630678073876,1.9469085210662118,12.646306780738762,2.0469085210662117
-60.43022878432363,7.612209521687958,-60.33022878432364,7.712209521687957
103.29617271956303,-2.941522480849481,103.39617271956303,-2.8415224808494814
-72.83489018736157,1.6915708286595152,-72.73489018736157,1.7915708286595153
106.2698908811274,16.856818600213767,106.36989088112739,16.95681860021377
-76.8177223455134,5.2076630976675835,-76.71772234551341,5.307663097667583
-0.37457026519306885,5.674117620934909,-0.2745702651930689,5.774117620934908
106.62689806738818,14.791077893410478,106.72689806738818,14.891077893410479
107.34840964452033,12.369585748200873,107.44840964452032,12.469585748200874
-90.56481253442828,16.040493958650707,-90.46481253442829,16.14049395865071
101.39471466731521,-2.092743493393446,101.49471466731521,-1.9927434933934463
-74.35088092081811,3.0239752680305654,-74.25088092081812,3.123975268030565
-7.989288723753403,5.461555044219426,-7.8892887237534035,5.561555044219426
144.3207256907223,-33.28754312399019,144.42072569072232,-33.187543123990196
-90.11043416351075,16.4779612278629,-90.01043416351075,16.5779612278629
107.20044785841026,15.427027233752943,107.30044785841025,15.527027233752944
106.10879719826609,13.039673446581359,106.20879719826608,13.13967344658136
106.26092535903025,13.005560150483653,106.36092535903025,13.105560150483655
25.538543487472428,5.975397312429553,25.63854348747243,6.075397312429553
34.53727034732009,-18.48218352907023,34.63727034732008,-18.38218352907023
140.18686095607123,-7.676987839613095,140.28686095607125,-7.576987839613095
12.481133950935646,3.2469541476531036,12.581133950935648,3.3469541476531033
11.924904024461629,1.610296980132509,12.02490402446163,1.7102969801325092
117.03691128667312,3.9468166744453814,117.13691128667311,4.046816674445381
37.25649415261948,-17.610899107976483,37.356494152619476,-17.51089910797648
100.80742092079004,19.821909880343362,100.90742092079003,19.921909880343364
-73.86126533937036,2.2905179470270154,-73.76126533937037,2.390517947027015
106.17129364924874,15.90379072329219,106.27129364924873,16.00379072329219
-60.78757839333366,5.779581415737603,-60.687578393333666,5.8795814157376025
-60.21947123574752,-7.452060039279917,-60.119471235747525,-7.352060039279917
35.455278537314626,-18.58727962991551,35.55527853731462,-18.48727962991551
-2.2090163530576765,5.258512368817879,-2.109016353057677,5.358512368817879
106.01403479654886,12.808081193512292,106.11403479654885,12.908081193512293
146.03531028689608,-29.005935977196632,146.1353102868961,-28.90593597719663
-88.88111328142556,19.674176336413527,-88.78111328142556,19.77417633641353
106.93144030140655,15.465467867706549,107.03144030140655,15.56546786770655
-88.226272971184,18.149103035432294,-88.12627297118401,18.249103035432295
12.635380595410163,0.6858352373891129,12.735380595410165,0.785835237389113
26.31775793464199,-10.460449377372509,26.41775793464199,-10.360449377372507
14.60953263564172,1.1359228925719835,14.709532635641722,1.2359228925719836
110.60719714047028,-2.3663448822724016,110.70719714047027,-2.266344882272402
12.135324971169545,6.037296542580117,12.235324971169547,6.137296542580117
117.21575537977031,5.230530776956886,117.31575537977031,5.330530776956886
101.95684275782992,-2.712308953375167,102.05684275782991,-2.6123089533751673
11.444592015535603,1.652008504839065,11.544592015535605,1.752008504839065
21.91429660659965,6.404524922287438,22.01429660659965,6.5045249222874375
98.37951700098148,13.687949302506912,98.47951700098147,13.787949302506913
106.57960741026993,13.130666411418138,106.67960741026992,13.23066641141814
11.694095924033089,5.826366225662232,11.79409592403309,5.926366225662232
24.708313273349674,-14.17067692448904,24.808313273349675,-14.070676924489039
-1.9974996228447257,6.2517869654870495,-1.8974996228447256,6.351786965487049
105.93140767119759,12.320619404119325,106.03140767119758,12.420619404119327
107.14235901873765,14.871206945149645,107.24235901873764,14.971206945149646
-89.09375845443554,19.458103032444303,-88.99375845443555,19.558103032444304
-9.050991216418966,5.8695385988997915,-8.950991216418965,5.969538598899791
-89.27812604415622,19.576173469333295,-89.17812604415623,19.676173469333296
23.171902317463307,-13.178059341491,23.271902317463308,-13.078059341490999
-61.04523726557476,-16.342472634047617,-60.94523726557477,-16.242472634047616
106.40279564782486,16.48620897578933,106.50279564782485,16.586208975789333
103.4298137141867,20.330807018975907,103.52981371418669,20.43080701897591
-89.8363775827978,17.09509605948715,-89.7363775827978,17.195096059487152
113.88373671161189,-2.3919331415695733,113.98373671161188,-2.2919331415695736
-62.28069386423447,5.23385814059025,-62.18069386423448,5.33385814059025
12.443258938622757,1.812837139923139,12.543258938622758,1.9128371399231392
-2.3561643235508454,6.825855960843465,-2.2561643235508457,6.925855960843465
-88.88899694402112,20.925103681404178,-88.78899694402112,21.02510368140418
17.344953055413704,-15.432522462144508,17.444953055413706,-15.332522462144507
140.57224682819714,-3.575087416415152,140.67224682819716,-3.4750874164151524
104.42139335953672,14.085103833192449,104.52139335953672,14.18510383319245
-50.4003167552324,-11.164724694717428,-50.30031675523241,-11.064724694717427
-64.64468733125739,-16.270295995212177,-64.54468733125739,-16.170295995212175
106.07996568408176,12.99986790893565,106.17996568408175,13.099867908935652
-74.06960150103372,1.1694252343588551,-73.96960150103372,1.2694252343588552
107.42052967554154,15.246688377980488,107.52052967554154,15.34668837798049
16.776390640801345,-15.461182830373446,16.876390640801347,-15.361182830373444
27.931706972503523,-11.309805690646558,28.031706972503525,-11.209805690646556
-75.55082147789643,-8.097756469662103,-75.45082147789644,-7.997756469662103
-75.10741068144543,0.2715076335904287,-75.00741068144544,0.37150763359042865
39.08675441895678,-15.020556108936958,39.186754418956774,-14.920556108936957
12.742938297385015,5.349311023902489,12.842938297385016,5.449311023902489
12.438004564517698,4.14635729137447,12.5380045645177,4.24635729137447
21.184591196659202,-5.057160370582929,21.284591196659203,-4.95716037058293
-74.40669233885714,-0.21090246629705073,-74.30669233885715,-0.11090246629705074
12.179837510631023,2.879588155255948,12.279837510631024,2.979588155255948
-57.494829235506344,-12.231571127816,-57.39482923550635,-12.131571127815999
115.12266402550212,-0.6767101947475618,115.22266402550211,-0.5767101947475617
-54.017316547727184,-15.395959772480152,-53.91731654772719,-15.29595977248015
22.9760510380822,-13.12361060984983,23.076051038082202,-13.023610609849829
-72.32016566850197,1.9572724257889809,-72.22016566850198,2.0572724257889807
101.87934424516209,-1.48749173707254,101.97934424516208,-1.38749173707254
-45.87034680080481,-11.38531717715076,-45.770346800804816,-11.285317177150759
26.20275276685705,4.0055907830098025,26.30275276685705,4.105590783009802
13.279025872172689,4.43424343494867,13.37902587217269,4.53424343494867
-47.641784065045805,-8.45642553167606,-47.54178406504581,-8.35642553167606
112.31862834590291,2.639011318092037,112.4186283459029,2.739011318092037
11.115042365407223,1.5430284254504703,11.215042365407225,1.6430284254504703
-56.836975269933625,-2.1490577139075535,-56.73697526993363,-2.049057713907554
139.1531767804143,-6.376962295126114,139.25317678041432,-6.276962295126114
-44.95615097270371,-11.631071865127964,-44.856150972703716,-11.531071865127963
106.0465429897785,12.068783393614483,106.1465429897785,12.168783393614484
-1.466432672542193,6.707687943049442,-1.366432672542193,6.807687943049442
139.989016864141,-7.323509854072476,140.08901686414103,-7.223509854072477
114.02613238178233,-1.599836895292088,114.12613238178233,-1.499836895292088
17.40030671999396,-13.950388336487446,17.50030671999396,-13.850388336487445
-74.65134831571447,1.5183289314599615,-74.55134831571448,1.6183289314599616
26.599699104328995,-10.564949239616395,26.699699104328996,-10.464949239616393
-70.31189563107702,-13.710508681604653,-70.21189563107703,-13.610508681604651
25.68020109167293,-12.434509760152428,25.780201091672932,-12.334509760152427
107.39044249094933,15.360661192514685,107.49044249094932,15.460661192514687
100.553100601395,-0.30150192539716175,100.653100601395,-0.20150192539716177
-60.484243085538786,5.881143755435594,-60.38424308553879,5.9811437554355935
105.89173770053279,16.77865232833517,105.99173770053278,16.87865232833517
11.114875114798261,1.6010562472884724,11.214875114798263,1.7010562472884725
140.3566032092576,-7.634635445078817,140.45660320925762,-7.534635445078817
-89.96011379989785,19.7645823060806,-89.86011379989786,19.864582306080603
105.83621419248432,12.957784271228391,105.93621419248431,13.057784271228392
-53.77748963643323,-14.326559747344085,-53.677489636433236,-14.226559747344083
12.947288170954907,5.478026093851269,13.047288170954909,5.5780260938512685
99.11056911039564,22.822562682466565,99.21056911039564,22.922562682466566
-45.59491717346485,-8.009955970019403,-45.494917173464856,-7.909955970019403
14.34435169606909,0.008113847057826015,14.444351696069091,0.10811384705782602
25.32490074263544,3.7684535498844145,25.42490074263544,3.868453549884414
103.34945516255759,-2.876330383537264,103.44945516255758,-2.7763303835372644
-10.90037854868424,6.824350788274052,-10.800378548684238,6.924350788274052
-7.321586838707799,8.191583416229914,-7.2215868387077995,8.291583416229916
-1.6608165789363778,5.365901888505836,-1.5608165789363777,5.465901888505836
-75.74839413795645,0.8597791262442486,-75.64839413795646,0.9597791262442487
117.47161967233022,5.364257294214017,117.57161967233021,5.464257294214017
-55.21319456708412,-10.152728047312388,-55.11319456708413,-10.052728047312387
39.55436064778409,-16.20458676103375,39.65436064778408,-16.104586761033747
10.953667164705102,5.040537337078196,11.053667164705104,5.140537337078196
102.89121548429799,-3.686891996535008,102.99121548429798,-3.5868919965350083
11.1567158626086,4.2390964572575935,11.256715862608601,4.339096457257593
12.78116071079697,0.3219190600991822,12.881160710796971,0.4219190600991822
107.4360069561705,13.595293595897274,107.5360069561705,13.695293595897276
13.21709927241476,1.968382030957933,13.317099272414762,2.068382030957933
106.96241392692923,15.217645637107793,107.06241392692922,15.317645637107795
-61.42901971140662,-27.196483337418556,-61.32901971140662,-27.096483337418555
15.2960741389658,0.3793901246129017,15.396074138965801,0.4793901246129017
-61.98191138925013,6.257031781712464,-61.881911389250135,6.357031781712464
-74.28834888986044,0.5420421969452623,-74.18834888986045,0.6420421969452624
106.98193738375333,14.027976354876497,107.08193738375333,14.127976354876498
13.321982920111033,0.28211839728190685,13.421982920111034,0.38211839728190683
-66.18221508901094,-15.034281926289468,-66.08221508901094,-14.934281926289467
12.3107843062008,3.6107885106373283,12.410784306200801,3.710788510637328
14.412087741366983,0.7743254810592837,14.512087741366985,0.8743254810592838
18.954321183922904,-14.670669011914505,19.054321183922905,-14.570669011914504
-51.025473168112605,-10.524663673480443,-50.92547316811261,-10.424663673480442
-62.78924838476592,6.324661082490724,-62.689248384765925,6.424661082490724
106.36146377615431,14.857532744938446,106.4614637761543,14.957532744938447
-62.45547158319266,-16.199888765798814,-62.35547158319267,-16.099888765798813
12.811554382284482,2.835851432694393,12.911554382284484,2.9358514326943927
-88.87190806703046,17.79107564776251,-88.77190806703047,17.891075647762513
13.696051952353091,0.6753192640725325,13.796051952353093,0.7753192640725326
106.2283942711412,13.225317442730075,106.32839427114119,13.325317442730077
-71.24217589902406,-12.37312902956628,-71.14217589902407,-12.27312902956628
28.807484467978114,2.0968472686357877,28.907484467978115,2.1968472686357874
25.9738256487315,5.849442386912624,26.0738256487315,5.949442386912624
27.75242906362071,-12.163470997057846,27.85242906362071,-12.063470997057845
26.65935908681716,-12.508109122660155,26.759359086817163,-12.408109122660154
-45.5603584016114,-10.44045395800282,-45.46035840161141,-10.340453958002819
-60.34764010049443,-7.59111283483076,-60.247640100494436,-7.49111283483076
-88.7759795069735,17.92682985418896,-88.6759795069735,18.02682985418896
-46.45001438595344,-4.242680603381147,-46.35001438595344,-4.142680603381147
106.79759674616214,15.707820883340762,106.89759674616214,15.807820883340764
105.59960153352816,-3.08706119788996,105.69960153352815,-2.98706119788996
-48.61000471743178,-7.474608497501452,-48.510004717431784,-7.374608497501453
137.90013260369778,-3.206058434151518,138.0001326036978,-3.1060584341515183
113.00205861740734,-1.8131579913225877,113.10205861740734,-1.7131579913225876
-61.51430556773748,-23.456293408615522,-61.414305567737486,-23.35629340861552
-61.066327264034214,-25.28306569004369,-60.96632726403422,-25.183065690043687
21.64172944633386,-14.886912744409859,21.74172944633386,-14.786912744409857
95.07426580343228,25.348082104189455,95.17426580343228,25.448082104189456
-69.5528224742427,-11.76327374128652,-69.45282247424271,-11.663273741286519
-61.774839721395075,-27.127735233073448,-61.67483972139508,-27.027735233073447
-62.11720034056847,6.813733100523042,-62.01720034056848,6.913733100523042
-62.114266693394434,-4.825622472252795,-62.01426669339444,-4.7256224722527955
12.825595436973764,6.023113451963807,12.925595436973765,6.123113451963807
47.65770448156259,-15.473991868227227,47.757704481562584,-15.373991868227225
-60.601477995885226,-15.996760990979393,-60.50147799588523,-15.896760990979391
26.380600726846293,-11.194219935353697,26.480600726846294,-11.094219935353696
-3.743799193238556,7.135953080396286,-3.6437991932385563,7.2359530803962855
104.02098004487168,-4.646224012129419,104.12098004487167,-4.54622401212942
-89.49852666121892,19.254688304814703,-89.39852666121892,19.354688304814704
25.68466634995115,-11.075331585286488,25.784666349951152,-10.975331585286487
-7.812342718533995,5.985071351664067,-7.7123427185339954,6.085071351664067
-90.27066716611358,19.395450984331564,-90.17066716611359,19.495450984331566
101.10424516824057,-0.7646277075908234,101.20424516824056,-0.6646277075908233
106.19869681383814,15.374059483713221,106.29869681383813,15.474059483713223
-1.6742749072535237,5.41577670033913,-1.5742749072535236,5.51577670033913
26.03702851390959,5.660343701997402,26.13702851390959,5.760343701997401
-47.29771874706118,-7.0840390413350365,-47.19771874706119,-6.984039041335037
107.14501693514337,14.668715014084352,107.24501693514337,14.768715014084353
106.2571344213967,15.13905444396735,106.3571344213967,15.239054443967351
-68.01201845299224,-14.25850957950376,-67.91201845299224,-14.15850957950376
115.34967506640248,-2.2025188848341193,115.44967506640248,-2.1025188848341196
17.12693012953671,-15.123265959514463,17.22693012953671,-15.023265959514461
-60.146797914162065,-26.53065241409156,-60.04679791416207,-26.430652414091558
-76.19690355323081,-7.062260570862937,-76.09690355323082,-6.962260570862937
22.962857853275462,-13.306228681808845,23.062857853275464,-13.206228681808843
46.74910885156765,-24.35140256121095,46.84910885156764,-24.25140256121095
-47.39040739750622,-10.718829248863017,-47.29040739750623,-10.618829248863015
22.62194026829788,1.674412370151259,22.72194026829788,1.774412370151259
-75.83876854688945,0.7970763011375802,-75.73876854688946,0.8970763011375803
143.30211030800115,-28.42651487190506,143.40211030800117,-28.326514871905058
20.897027515624742,-15.315969147396293,20.997027515624744,-15.215969147396292
-89.27993674030512,18.147946418421988,-89.17993674030512,18.24794641842199
106.4968918243484,15.776131546713456,106.59689182434839,15.876131546713458
107.04704774711733,15.637278750157089,107.14704774711733,15.73727875015709
104.68872967226999,14.098764186235618,104.78872967226998,14.19876418623562
32.811449577215114,-18.811890167647306,32.91144957721511,-18.711890167647304
-65.86271818853244,-16.847828947449237,-65.76271818853245,-16.747828947449236
-61.32848339970796,-22.356553954090423,-61.22848339970797,-22.25655395409042
47.39460897410379,-15.207781248806317,47.494608974103784,-15.107781248806315
-50.79160731514466,-14.7943952112681,-50.691607315144665,-14.694395211268098
101.47329946671721,-1.758027994579429,101.5732994667172,-1.658027994579429
35.74129014192516,-18.957771727776425,35.84129014192516,-18.857771727776424
-52.49328210774982,-13.578553909814215,-52.393282107749826,-13.478553909814213
-2.99059313669997,8.096137203562172,-2.8905931366999704,8.196137203562174
-62.549261279275925,-16.98754365137356,-62.44926127927593,-16.88754365137356
-67.29553362910764,-14.30294233473985,-67.19553362910764,-14.202942334739848
11.867422735129098,5.4529478956369735,11.9674227351291,5.552947895636973
103.29239482208352,-2.265021885768603,103.39239482208352,-2.165021885768603
141.28749702766405,-7.231798706327693,141.38749702766407,-7.131798706327693
-74.56847174073188,-8.758802193310249,-74.46847174073189,-8.658802193310247
-91.26796475992029,15.897102751284665,-91.1679647599203,15.997102751284666
-44.48192706871259,-7.117658196834884,-44.38192706871259,-7.017658196834884
150.22985049113493,-25.92110449679173,150.32985049113495,-25.82110449679173
-62.37247166796057,-21.928370866350235,-62.27247166796057,-21.828370866350234
-76.53654185017841,5.175752319881568,-76.43654185017841,5.275752319881567
22.750556186157958,2.500330732620041,22.85055618615796,2.6003307326200407
11.797074201120012,4.53014968865531,11.897074201120013,4.63014968865531
-90.82324893391677,18.438104548262903,-90.72324893391678,18.538104548262904
27.162840739326324,-10.946940106800865,27.262840739326325,-10.846940106800863
115.13225218865824,-0.673670864136908,115.23225218865824,-0.5736708641369079
-65.00512143385608,-17.044582525434652,-64.90512143385608,-16.94458252543465
97.28087861151599,24.174974905519054,97.38087861151598,24.274974905519056
95.03684578431994,26.165895096866716,95.13684578431993,26.265895096866718
39.838877124700616,-15.620776040756148,39.93887712470061,-15.520776040756147
107.12956384521084,15.412236771476355,107.22956384521083,15.512236771476356
-58.471567714729886,-20.98915384077392,-58.37156771472989,-20.88915384077392
-45.099154725684464,-11.677803557471087,-44.99915472568447,-11.577803557471086
-0.4892336173912099,5.862717678178055,-0.38923361739120993,5.962717678178055
-3.404984726376365,7.372813586085172,-3.3049847263763654,7.472813586085172
-62.580427345279396,-16.217608517815407,-62.4804273452794,-16.117608517815405
39.57382720557376,-15.976655122107903,39.67382720557375,-15.876655122107902
43.67890884115208,-22.88738230255451,43.778908841152074,-22.78738230255451
143.55459958937556,-4.944813605070047,143.65459958937558,-4.844813605070048
-58.69726110422367,6.7378307792952805,-58.597261104223676,6.83783077929528
16.696752549374267,-15.543911992426136,16.79675254937427,-15.443911992426134
-61.78769736429895,6.8548794245126095,-61.687697364298955,6.954879424512609
-88.83967892205044,18.122728939737627,-88.73967892205044,18.222728939737628
115.68001365991216,4.70935562481673,115.78001365991216,4.80935562481673
-61.85041301791366,-23.561389967609767,-61.750413017913665,-23.461389967609765
15.775893689192255,0.7598314078242356,15.875893689192257,0.8598314078242357
24.10603546141603,-13.283380312025987,24.206035461416032,-13.183380312025985
106.04349468513395,13.620990756794049,106.14349468513394,13.72099075679405
-64.83012763655951,-10.415264135239088,-64.73012763655952,-10.315264135239087
-63.3678932307989,-23.2552965111572,-63.267893230798904,-23.1552965111572
110.03610202470095,-0.4996099638621138,110.13610202470095,-0.39960996386211384
21.887688087185655,-14.370756017903643,21.987688087185656,-14.270756017903642
-54.00144930790528,-14.023158764966892,-53.90144930790529,-13.92315876496689
23.74592044514234,-14.769571691704279,23.84592044514234,-14.669571691704277
100.58074103105908,-0.3178828222356646,100.68074103105907,-0.21788282223566463
-60.354250244763136,-22.488321026241852,-60.25425024476314,-22.38832102624185
-8.577028929851043,6.7865432796887815,-8.477028929851041,6.886543279688781
-88.67194637543842,18.05922546148646,-88.57194637543843,18.15922546148646
-76.52290044235632,-6.695803763766918,-76.42290044235632,-6.595803763766918
142.6884800334446,-33.48264544441595,142.7884800334446,-33.38264544441596
20.474969795480835,-14.950393455433357,20.574969795480836,-14.850393455433355
-59.488328096633914,-2.0992859531709724,-59.38832809663392,-1.9992859531709726
105.74805630668679,12.776857702678948,105.84805630668679,12.876857702678949
13.751133688120298,-0.025740736398177907,13.8511336881203,0.0742592636018221
-2.29594976060866,6.13346316558737,-2.19594976060866,6.23346316558737
-59.26522207043992,5.940499530879197,-59.165222070439924,6.040499530879196
20.12864007969855,-12.177196688938874,20.22864007969855,-12.077196688938873
38.12839471248058,-16.556596616817107,38.22839471248057,-16.456596616817105
101.94981117594577,-2.1281442454651778,102.04981117594576,-2.028144245465178
-53.7375898698957,-15.880741937589033,-53.637589869895706,-15.780741937589031
11.913818272579926,1.9181748716465152,12.013818272579927,2.018174871646515
105.93913488039932,16.575149736919077,106.03913488039932,16.675149736919078
106.79787826271199,15.663611566807454,106.89787826271198,15.763611566807455
13.248384232814715,2.0765611963172916,13.348384232814716,2.1765611963172913
-89.3241428696776,20.88730972819642,-89.2241428696776,20.987309728196422
100.57178276094199,-0.31479914212533816,100.67178276094198,-0.21479914212533818
-47.16845355589687,-9.599637302675688,-47.06845355589687,-9.499637302675687
139.45462791323217,-5.385517139741173,139.5546279132322,-5.285517139741174
12.016887221240655,0.5241963907784642,12.116887221240656,0.6241963907784643
106.97240811239894,14.975213607585598,107.07240811239893,15.0752136075856
106.46887430987431,12.996339029244066,106.5688743098743,13.096339029244067
20.046586371869143,-12.286289795343608,20.146586371869144,-12.186289795343606
-59.08792278679252,5.725333518524409,-58.987922786792524,5.825333518524409
-66.27197842012899,-14.711369735199394,-66.171978420129,-14.611369735199393
-64.76359825784293,-26.913305260057083,-64.66359825784293,-26.81330526005708
138.8286767576229,-6.231950768986036,138.92867675762292,-6.131950768986036
25.091415609388704,5.94606307603866,25.191415609388706,6.04606307603866
102.07451788632513,20.86211332139624,102.17451788632512,20.96211332139624
-44.79108377216976,-12.659706098348497,-44.69108377216977,-12.559706098348496
24.72679766536147,6.334398670629673,24.82679766536147,6.4343986706296725
-88.93764475528174,18.121881383976163,-88.83764475528174,18.221881383976164
19.452517319837852,-12.011824076366484,19.552517319837854,-11.911824076366482
11.447181111940516,2.1583807270683906,11.547181111940517,2.25838072706839
117.24516800252285,0.8541134963477439,117.34516800252284,0.954113496347744
-59.21210302687518,7.103311630537225,-59.11210302687518,7.2033116305372245
-58.1590835943439,-21.556708855395133,-58.0590835943439,-21.45670885539513
106.59847444525592,16.193478025712924,106.69847444525591,16.293478025712925
-88.94167552331766,18.83486742876066,-88.84167552331766,18.93486742876066
145.75148995589146,-28.044308343615903,145.85148995589148,-27.9443083436159
23.147886494652862,4.9344766708846155,23.247886494652864,5.034476670884615
147.62110366970845,-28.29718497630228,147.72110366970847,-28.197184976302278
11.030596809710058,5.003538915461689,11.13059680971006,5.103538915461689
-10.784823442994593,8.115146525797059,-10.684823442994592,8.21514652579706
22.73530782902594,-5.846032051393751,22.83530782902594,-5.746032051393751
-61.75181850372912,-17.534899970886617,-61.651818503729125,-17.434899970886615
26.704055856757687,-10.54631148065127,26.80405585675769,-10.446311480651268
13.74420266616621,5.099091646741644,13.844202666166211,5.1990916467416435
139.91230143624605,-7.030191127290588,140.01230143624608,-6.9301911272905885
105.21009438482186,13.698309705183298,105.31009438482185,13.7983097051833
-63.045251336030404,-18.89460158312456,-62.94525133603041,-18.79460158312456
-58.71609387654451,-20.55549196230733,-58.61609387654452,-20.455491962307327
103.23686161522528,-2.80314015380608,103.33686161522527,-2.70314015380608
-9.02506659209242,7.078333378108321,-8.925066592092419,7.178333378108321
105.48717970320244,13.548256674744135,105.58717970320244,13.648256674744136
-46.87957439481544,-8.09646242164612,-46.77957439481545,-7.996462421646119
-49.89441125351924,-12.940990945147412,-49.79441125351924,-12.84099094514741
36.54624324260784,-17.937121939781967,36.64624324260783,-17.837121939781966
11.29471050015824,5.2741727670570215,11.394710500158242,5.374172767057021
99.39694914025003,22.19794569882138,99.49694914025002,22.29794569882138
-90.49472941808597,18.128967824815913,-90.39472941808597,18.228967824815914
11.792501271410144,1.8237138369610648,11.892501271410145,1.923713836961065
145.97779724733562,-28.687523447184642,146.07779724733564,-28.58752344718464
103.97275134593748,-3.1910942792075736,104.07275134593748,-3.091094279207574
25.41767163618528,-10.243119914327194,25.51767163618528,-10.143119914327192
-62.45129952107133,-27.736891188095946,-62.35129952107133,-27.636891188095944
-67.10506823573226,-15.746418722681709,-67.00506823573227,-15.646418722681707
19.291989129172972,-15.116171834227837,19.391989129172973,-15.016171834227835
102.74365384803974,19.917580756965148,102.84365384803974,20.01758075696515
-63.8353760847944,-23.282574965059123,-63.7353760847944,-23.18257496505912
-58.783038035563706,5.243349732591785,-58.68303803556371,5.3433497325917845
-55.38473386272704,-13.46681042504249,-55.284733862727045,-13.36681042504249
49.640360210377146,-14.04507748421254,49.74036021037714,-13.945077484212538
104.00201386596434,13.755701642390598,104.10201386596434,13.8557016423906
9.933180720493699,4.4459187299483895,10.0331807204937,4.545918729948389
19.578325415327853,-15.056218878608835,19.678325415327855,-14.956218878608833
-44.479926449254194,-7.499719801336634,-44.3799264492542,-7.3997198013366345
-63.05462874478529,-19.0670702440018,-62.954628744785296,-18.9670702440018
106.20725289290512,13.185033524524828,106.30725289290511,13.28503352452483
-72.71365577706084,1.9709137303702546,-72.61365577706084,2.0709137303702545
-58.65231506981793,-20.466570797801996,-58.552315069817936,-20.366570797801995
16.66758712591832,-13.964423997021433,16.767587125918322,-13.864423997021431
-48.79789308631814,-11.418051123511962,-48.697893086318146,-11.31805112351196
-9.689930785110239,5.671691482113388,-9.589930785110237,5.771691482113388
23.594796132707316,-10.564941735460161,23.694796132707317,-10.46494173546016
-3.6889772822787306,7.793291788031726,-3.588977282278731,7.893291788031726
-75.01113125424041,1.1258192037826456,-74.91113125424042,1.2258192037826456
-76.3460780550904,-8.930040570041468,-76.24607805509041,-8.830040570041467
10.450295335505423,1.0205014206160163,10.550295335505425,1.1205014206160164
25.8010296767303,-11.004833444006916,25.9010296767303,-10.904833444006915
-47.267433108525964,-3.157696750842015,-47.16743310852597,-3.057696750842015
12.98812560904577,3.1924845039987413,13.088125609045772,3.292484503998741
-71.82507188518996,3.3812334844274194,-71.72507188518996,3.481233484427419
11.867256788875988,6.024307366824551,11.96725678887599,6.12430736682455
-60.58993836287254,-21.364378505798236,-60.48993836287254,-21.264378505798234
-63.37893542277058,-15.955711514965135,-63.27893542277059,-15.855711514965133
106.4338653619074,16.10477918231073,106.53386536190739,16.20477918231073
27.17721782898208,-12.555743910878244,27.27721782898208,-12.455743910878242
-11.24848591872704,7.298698823565912,-11.148485918727038,7.398698823565912
11.43398448401922,6.067255259866774,11.533984484019221,6.167255259866773
39.50257020466135,-13.05282432097828,39.60257020466135,-12.952824320978278
13.075364957371828,5.135152736281812,13.17536495737183,5.235152736281812
146.86640364401669,-25.177767803194303,146.9664036440167,-25.077767803194302
113.47800173884688,-2.0429171935524852,113.57800173884688,-1.9429171935524854
12.547279111236525,2.1864307588695473,12.647279111236527,2.286430758869547
14.063379160812636,0.3453457918751142,14.163379160812637,0.4453457918751142
-61.1489744662431,-8.821097968711294,-61.0489744662431,-8.721097968711293
105.02163430262821,12.890647784147088,105.12163430262821,12.99064778414709
-74.83492150375835,-0.03695400301717426,-74.73492150375836,0.06304599698282574
-51.17380130433767,-14.30047633863853,-51.07380130433768,-14.200476338638529
-62.41945751621318,-26.244262169487417,-62.319457516213184,-26.144262169487416
99.43446853319612,20.0349808486129,99.53446853319612,20.1349808486129
105.70304671342369,12.180136574296219,105.80304671342368,12.28013657429622
136.02691824227261,-3.0258445203605744,136.12691824227264,-2.9258445203605747
106.39190003308396,14.896574670532656,106.49190003308395,14.996574670532658
-74.1467285885585,0.49957403032900244,-74.04672858855851,0.5995740303290025
35.7109171209076,-17.99814138945389,35.8109171209076,-17.89814138945389
-73.91446769495147,2.0106681498003947,-73.81446769495147,2.1106681498003943
23.955744610479535,-13.510171666076454,24.055744610479536,-13.410171666076453
-61.491465742387476,-26.03953990328568,-61.39146574238748,-25.939539903285677
-51.83018351999799,-14.87981340224996,-51.73018351999799,-14.779813402249959
29.118308663592764,-13.339310561913468,29.218308663592765,-13.239310561913467
-63.29572782169953,-17.284509642571983,-63.195727821699535,-17.18450964257198
26.727077784718542,-11.342823552632744,26.827077784718544,-11.242823552632743
-58.00506790944474,5.986891460090915,-57.905067909444746,6.086891460090914
107.2722736341778,14.871418082798284,107.37227363417779,14.971418082798285
-48.97763170511128,-9.863552761869371,-48.877631705111284,-9.76355276186937
146.42222396320034,-20.67377365256157,146.52222396320036,-20.57377365256157
106.90917780950745,14.59007986127575,107.00917780950745,14.690079861275752
-45.39897002081203,-15.79214230627322,-45.298970020812035,-15.692142306273219
146.96847544896463,-21.691334554017004,147.06847544896465,-21.591334554017003
40.04684857531694,-12.7539075204656,40.14684857531694,-12.653907520465598
10.228502005221147,4.763420590015424,10.328502005221148,4.863420590015424
10.638101009395296,5.050121177798555,10.738101009395297,5.150121177798555
106.31882198125778,16.11482457703651,106.41882198125778,16.214824577036513
15.49219202362558,1.149257851212812,15.592192023625582,1.249257851212812
-46.256254601543205,-8.557091818342348,-46.15625460154321,-8.457091818342347
27.366980395145166,-12.32882838553533,27.466980395145168,-12.228828385535328
-75.33686236732572,0.4547191240321458,-75.23686236732573,0.5547191240321458
12.542905568038268,5.858610022885245,12.64290556803827,5.958610022885245
-61.0088754103951,-16.78193195761269,-60.908875410395105,-16.68193195761269
-49.88796560576332,-9.277423857799764,-49.787965605763326,-9.177423857799763
-60.60533308600416,-23.886556962005425,-60.505333086004164,-23.786556962005424
-73.12429119597545,2.7564089953304713,-73.02429119597545,2.856408995330471
13.032962962193368,5.232721501760401,13.13296296219337,5.332721501760401
48.82269634997537,-13.837384957758793,48.92269634997536,-13.737384957758792
107.34538390610132,12.306290935604293,107.44538390610131,12.406290935604295
-61.942131299790155,-7.755287845667861,-61.84213129979016,-7.6552878456678615
-89.07509238663674,18.566446467249886,-88.97509238663675,18.666446467249887
105.90932999422814,11.939702106680372,106.00932999422814,12.039702106680373
105.21894619216499,13.063602167533066,105.31894619216499,13.163602167533067
22.613859305219183,2.514233008098074,22.713859305219184,2.614233008098074
137.37384468548757,-4.31057480000674,137.4738446854876,-4.21057480000674
15.22137270231005,-0.08161326365647496,15.321372702310052,0.018386736343525042
15.360107242152214,0.3245655354777717,15.460107242152215,0.4245655354777717
106.98155619373878,13.843701402457011,107.08155619373878,13.943701402457013
-88.14646956320856,20.733717675789354,-88.04646956320856,20.833717675789355
23.49374402650698,2.3161765688618434,23.593744026506982,2.416176568861843
10.26975541127818,5.0069712001601445,10.369755411278181,5.106971200160144
-66.16230842950796,-9.694930226932705,-66.06230842950797,-9.594930226932703
114.08193129305722,3.235715750211553,114.18193129305722,3.335715750211553
107.1689456843666,14.763257436808246,107.2689456843666,14.863257436808247
146.0318946556061,-20.45157326662625,146.13189465560612,-20.35157326662625
105.79244000511561,12.569599815807875,105.8924400051156,12.669599815807876
-45.13286491659298,-7.374878863511822,-45.032864916592985,-7.274878863511822
-63.76707580711449,-23.89727354306116,-63.66707580711449,-23.79727354306116
-58.716915780996125,-21.11927401266694,-58.61691578099613,-21.019274012666937
49.50981253776739,-14.505992988808861,49.60981253776738,-14.40599298880886
104.81985239324804,13.603667055039903,104.91985239324804,13.703667055039904
105.20681537842998,13.513430669466365,105.30681537842997,13.613430669466366
-61.9114329768021,6.77188693555694,-61.8114329768021,6.871886935556939
-58.43556601754332,-21.812082684615817,-58.33556601754333,-21.712082684615815
102.2884344254958,0.18780747186049745,102.38843442549579,0.28780747186049743
-49.07953213556719,-8.562983932195872,-48.9795321355672,-8.46298393219587
110.01149729090113,-1.7024497526828812,110.11149729090113,-1.6024497526828811
-62.721760675157,-25.395056018956243,-62.621760675157006,-25.29505601895624
104.34629001167201,-1.3372586640081388,104.446290011672,-1.2372586640081387
-64.89379453341004,-15.844628325210527,-64.79379453341005,-15.744628325210526
-76.9915966308616,-6.847439360289158,-76.8915966308616,-6.7474393602891585
17.063313856492243,-15.248524402292954,17.163313856492245,-15.148524402292953
-88.06273393451993,20.664179373525716,-87.96273393451993,20.764179373525717
-56.28477615560296,-4.08216872481863,-56.18477615560297,-3.9821687248186306
14.33512229319058,0.45268627186487614,14.435122293190581,0.5526862718648762
-0.6549460447421922,6.088808896189402,-0.5549460447421921,6.188808896189402
-61.50312595773379,-22.894845481547655,-61.4031259577338,-22.794845481547654
146.382806327102,-27.240232211535055,146.48280632710203,-27.140232211535054
12.038313748548223,5.610875378159112,12.138313748548224,5.710875378159112
39.78885411611866,-12.726449090092407,39.88885411611865,-12.626449090092406
27.262683546568244,-10.570930794654679,27.362683546568245,-10.470930794654677
14.31781054933592,0.7199698851123528,14.417810549335922,0.8199698851123529
106.206116329333,12.138948937168013,106.306116329333,12.238948937168015
-88.46574421894275,18.05765293534419,-88.36574421894275,18.157652935344192
-65.52436543149484,4.4716563493565005,-65.42436543149485,4.5716563493565
-49.968527060098126,-5.845954930433689,-49.86852706009813,-5.745954930433689
101.53976424218723,-0.7446349378098349,101.63976424218723,-0.6446349378098348
-67.95023226603405,-15.538914904021139,-67.85023226603406,-15.438914904021138
26.145562698468904,3.985113804642088,26.245562698468905,4.085113804642088
14.037668008821319,0.6897879790084523,14.13766800882132,0.7897879790084524
21.52920361640766,-14.827909454579784,21.62920361640766,-14.727909454579782
114.09477111638172,-2.209641634820537,114.19477111638172,-2.1096416348205373
-63.49906908078053,-27.659384525706805,-63.399069080780535,-27.559384525706804
28.746758219338574,4.270418736978803,28.846758219338575,4.370418736978802
-59.824465584070865,-21.34033684309338,-59.72446558407087,-21.240336843093377
13.911018011740287,2.2746570417484113,14.011018011740289,2.374657041748411
-47.264565154158404,-10.794099216307703,-47.16456515415841,-10.694099216307702
105.20238411466275,-3.692776656666694,105.30238411466274,-3.5927766566666945
15.447054430514827,0.883758223163014,15.547054430514828,0.9837582231630141
-66.85520676909546,-14.962518055238654,-66.75520676909547,-14.862518055238652
-60.690666005154924,-13.645275800355405,-60.59066600515493,-13.545275800355403
98.51145994897061,23.16402561969826,98.6114599489706,23.264025619698263
18.612962549744818,-14.449052523630431,18.71296254974482,-14.34905252363043
-69.65800684644222,-12.055623432788302,-69.55800684644223,-11.9556234327883
12.81928138453043,4.856314165714351,12.919281384530432,4.956314165714351
-55.40381902108047,-13.186065807786957,-55.30381902108048,-13.086065807786955
102.78432653508735,-3.2187252900344685,102.88432653508734,-3.118725290034469
105.29538128738118,13.871113645145508,105.39538128738117,13.97111364514551
