minx,miny,maxx,maxy
-1.696724558545327,37.34574207880432,-1.6494667526476405,37.38902029403995
-2.5017295364146435,36.816270249000056,-2.375860259356415,36.97793617419721
-3.2094155738342636,36.74452573300003,-3.073832631732188,36.80015307729677
-3.572110915227256,36.699243746734155,-3.472367248978145,36.77486005517481
-5.005904341102223,36.45667068041898,-4.812845789043223,36.54951833620878
-5.194527387977189,36.4070622027087,-5.078377509812242,36.477936256087204
-5.464546917140808,36.11050039300001,-5.32677675899015,36.232819121469035
2.929886692904688,43.05240793811332,4.537642475717092,43.919342559665026
2.9419472922566854,42.99998993254444,3.0770339755105454,43.06614431747754
3.0069863741670417,42.87901829369888,3.056081576000139,42.96699875307833
2.6752480818994684,42.23072850805532,3.317718946000184,42.900299588043694
2.9786659980638888,41.778762148120094,3.235687696000184,42.190338608164566
-0.5465049255881809,38.304311221210284,-0.3572358255862298,38.45340017685247
0.44302154266989646,40.68907684621031,0.7378173024594048,40.88045095810257
0.5345253645143373,40.57548363320289,0.6427695754774447,40.66690115227955
0.3529824127315351,40.326856340223955,0.512728001499795,40.581647211896
0.18682037853460542,40.22409178520978,0.33362550684216785,40.34468433815577
-0.1600058482778195,38.53028891779702,-0.018610030417221424,38.67825367159391
0.7589882640280337,40.86488714773914,2.9538488487281427,41.96694994561015
-0.3130331134952655,39.98744113635611,0.1718836799392136,40.1335270370558
-70.747310480551,41.94483856550691,-70.63022849719579,42.00471853622746
-74.01691646999981,40.699286200000145,-73.91665605399982,40.87750885600009
112.29702550092031,66.38551243366301,112.36518153414477,66.43003591719672
118.29595112764787,63.27325653371035,118.37377532130006,63.29722341903987
113.91919344803773,62.4861960501088,114.07460551253126,62.56404461598994
129.593998110036,61.964003652599374,129.82738865532747,62.16409350820125
129.0828163650936,61.46510230343601,129.2053183387464,61.53242846150236
114.90757234994135,60.697621809738095,114.99652931611223,60.73867838955631
102.80962300264787,57.9974997014245,102.88764249437537,58.04868817462939
102.6319863792013,57.963735049335284,102.69862894687441,58.00923513765012
102.75141989454943,57.884755557147955,102.83217387159414,57.96480154403993
97.47724995577278,57.40929168996031,97.56620707115673,57.46492355882275
103.92070711070636,57.10084443774561,103.98734965356357,57.143024200290014
124.89263081514775,56.80934059259583,124.97270109802338,56.89834638043281
105.74126376850626,56.76317357665944,105.94262301097154,56.8137517393525
104.12056051582692,56.52052218853548,104.23168558689798,56.58723792291654
114.79653714752794,56.317934366666876,114.95209574328817,56.398419704891054
101.6543496076427,56.279555412441724,101.8098593702835,56.365143339002756
101.8431190963986,56.24085914974005,101.94472261986516,56.30867350205766
96.07671286213662,56.209462638054006,96.12196869421967,56.265118926463614
97.1883340107529,56.13060516652281,97.24403910668445,56.187335718727766
101.14155661245871,56.08668426890263,101.23222260849298,56.15401040909343
111.71929097139775,56.118910830585335,111.79711517574111,56.14285330185241
99.36460347393876,56.065053408808794,99.41039651809541,56.11013838477574
99.63247458593696,56.06505340871037,99.69916605955592,56.107330830266775
97.76470122116984,55.93170382960618,97.87895114115133,56.02070974509944
97.95493557995871,55.890321977885336,98.1108848069286,55.96121258166521
109.27519919139081,55.596572015850896,109.36498636633206,55.64461108067529
124.69292378580957,55.10968237596204,124.79496679140442,55.23208669770976
124.56157617853557,54.987441105079014,124.66879495838742,55.048907880420515
98.97480854963192,54.85328595746829,99.09926361445036,54.92988938984813
100.55254292452275,54.5091452251135,100.66566996610248,54.59592947366825
102.17475974953373,54.08763641652281,102.20985940857184,54.154376644220335
123.93486728303503,53.955068059266026,123.97289652428509,53.98770192230286
102.04316792452295,53.88829561354798,102.121040961593,53.93960619850007
127.23882222151082,53.70929169434818,127.32787699732978,53.77627615341497
103.04302156665676,53.09889129933539,103.18803323215252,53.17671560352575
122.78413476632784,52.910024112517405,122.86254496610252,52.98787282455622
123.18393940889786,52.87611297902289,123.22856058979426,52.91084640943721
103.52070698702278,52.705263427496575,103.69848246584911,52.832379578575726
123.8524941199966,52.6766989553321,123.89506447207873,52.73233078413644
116.99575585301886,52.49896454393955,117.05180273579538,52.543488019834186
125.33711323749287,52.41009743081365,125.45238871576476,52.48484547610856
104.1205605194354,52.198989011325764,104.4095663858497,52.38889812752841
124.68374417805512,52.299062197772926,124.72826747376615,52.35606121616779
104.00942774353598,52.16566388190613,104.15395117162313,52.25801443466493
113.25239647938531,51.976820988413365,113.6190879257619,52.16575358110585
122.03975004194211,52.01227021888975,122.10649027860234,52.06577801325197
123.56167389779955,51.99854950246042,123.62846290165152,52.03086599428413
127.64761139854932,51.97682099835448,127.70546482884583,52.032452901950805
107.49614646217242,51.75304168996031,108.14223241074052,51.93247732528987
113.74116608544756,51.776259463397835,113.79682222613553,51.819440192383624
114.25215244371691,51.59771942968983,114.3744589327053,51.68806809650427
113.07495505576571,51.57689423307566,113.1079549782803,51.61714524365969
113.00796288918752,51.54156710769634,113.07475198761927,51.599225371533706
128.11831454770328,51.32140106496031,128.19438087975243,51.3992497270729
106.42007225069756,51.254750752274745,106.55102152414344,51.34370776153533
108.83086325528677,51.23253388142275,108.8976034329765,51.29646657852088
120.71772847166051,51.231508486835466,120.85277932673057,51.299225370565935
128.4386758640972,50.87420868214791,128.57206644548614,50.93264822298694
123.03950584044412,50.609731143085455,123.10639261531264,50.65432789253096
123.18393954328633,50.54371553044503,123.22680266556756,50.610504668149346
106.0895058684896,50.38646454152284,106.17582607119351,50.44387868928068
124.08384184991883,50.38819796490431,124.17289651449369,50.434650176852486
106.40913485183074,50.32154754950791,106.50912693938398,50.42012380925151
116.50737698269808,50.35467747061831,116.56293552572942,50.38828787216487
127.42778716168107,50.21363740807057,127.60746683410514,50.33274586090779
129.41558009792635,49.797621768085364,129.52748628176408,49.85506033310254
129.38301168607887,49.74388641652284,129.44975195439127,49.810651149642425
129.68291408356788,49.732778019088144,129.72387293963953,49.7994695007264
117.30708398391931,49.620619866408376,117.36283793482107,49.69954263876305
117.47383199020834,49.57616180800666,117.55180265592992,49.6440007143098
117.44058006743518,49.5540182606572,117.5072714550667,49.58845866256776
117.68486717840648,49.410634534587174,117.7744590099507,49.511676543842626
127.3054727240717,49.3887838774604,127.36122652211697,49.421368884931425
120.67329495082248,49.248280947772955,120.78456645010488,49.2991520880437
119.68623434965792,49.16588351154191,119.8544393450191,49.273590536749836
125.20586334238743,49.142592472959606,125.27270111508363,49.17739920028991
104.11274800944778,49.02174289299582,104.17900004218427,49.10086099743309
124.85039457014972,48.44410626214953,124.9282674766464,48.489362090914895
129.47051186082047,48.25392059621031,129.56083588568498,48.333112086158835
122.68403714842037,63.83458478365516,122.78422464920641,63.91934249610726
124.53745508444456,56.61908181936782,124.77270118845871,56.7488835721408
101.41142964383135,56.08258279292424,101.67167582547745,56.20847819915052
103.79790432812644,52.42181618238216,104.04286722755018,52.64009446642838
129.54961334768535,48.421571973403886,129.6040487477381,48.4774968506088
129.5934120663124,48.474867861835364,129.62904887100012,48.49978689401219
117.96255269037442,50.0327047758979,118.27724219843549,50.221661883790475
92.33979882283444,58.270278027074724,92.41772074715436,58.31546072318717
93.10517964327289,56.91002411274293,93.14496684053489,56.965655969002555
93.45073632409395,56.28802704237468,93.55131444416457,56.32119801478051
93.43960347139779,56.198866885272864,93.56191011033553,56.274127686349246
95.63423239924748,56.17523413536118,95.81693947128144,56.254498781408515
92.47309970652299,56.176698916522966,92.54125570967341,56.23399086643856
93.31733784639778,56.11927704475285,93.38412686709125,56.18296558457082
94.53935934530239,56.0544577074095,94.62943949735234,56.1209294727219
94.85039456764332,55.86114720302872,94.91723242824855,55.921222405655286
94.2950722444092,55.789003677144095,94.35063088743209,55.83113453598857
92.92949616880162,54.06781224866832,92.97309181844037,54.105206672564364
94.3171913656106,51.66571270228083,94.5839316283957,51.765826934665014
41.69194732758393,46.68727022070097,41.748287123220564,46.7438052968658
41.50386132667791,46.455141299335295,41.58178311862753,46.51839028655958
44.18110751472,46.28746557288257,44.32690039933766,46.37710623146974
43.31475010134568,45.89049286192527,43.38139247510287,45.930328887361284
41.48169333321533,45.824086651127814,41.52626565499412,45.86453292739985
85.04097068445049,45.71117157483555,85.11879484699074,45.754913747645745
42.86846100922742,45.69789032277281,42.91483975942606,45.73299001886356
85.10757231407302,45.67005829152281,85.26332621447915,45.73538254987902
84.8058633776563,45.575136559435535,84.92992775141954,45.67478681612066
84.9632363889458,45.55482391778311,85.0887656692197,45.665997778684144
63.277982377996125,45.61041473923076,63.333736315417354,45.64382986435241
84.85141987764786,45.46595673286622,84.88637306177947,45.53269702267487
82.7079629597439,45.488149111835284,82.77480066802661,45.523273219234866
83.58564839823259,45.378066104022835,83.6747031308712,45.438190213919015
41.670560650445054,45.35460423817797,41.748287015397125,45.39988453561104
45.32837300893243,45.32152321155779,45.41444920604232,45.39937178973169
42.80220120028605,45.32152313527287,42.89262308032539,45.3896305392996
77.95337302584636,45.235170634632524,77.99779885974351,45.27566574675306
83.24136138204364,45.15248016652289,83.38588480985254,45.27713062443975
82.52261129911437,45.15611786183534,82.59316015283025,45.243805435207875
41.8549356094241,44.975649188510985,42.092818399100906,45.162921659142924
43.40361718172119,45.08770965871044,43.47025977687616,45.122101341609735
45.64761141081948,45.06593232523851,45.72548431978646,45.10965015745988
78.33100972139783,44.985341494694396,78.40883390036231,45.05491377622327
44.025540971890905,44.72149874846143,44.23686132438553,44.899444956937586
65.44429099570834,44.832875707674575,65.53334574115433,44.89431809341916
44.93667378652805,44.69847632776775,45.03666592649154,44.80025073945568
81.77349030254612,44.70897438111295,81.82055277167859,44.75564621374589
81.82974023935805,44.6882223554105,81.8972127990802,44.732697044517195
41.80171285182405,44.5947897439995,42.037349545765096,44.72398123154001
45.61440826730711,44.65331024464781,45.68105081940905,44.69529470743326
44.70337302489855,44.49828094777284,44.790328148744095,44.588361112473095
84.78237699512096,44.386830866247394,84.95219332485686,44.48941080006192
41.48686909639787,44.377089678753876,41.54223237952925,44.454938249626466
43.83686921052532,44.38817355513147,43.914693357277145,44.45493826238551
82.00810935781408,44.35487274465832,82.10829682967307,44.45613455185254
83.46352935694034,44.363905982228275,83.49711522054116,44.43272141980593
83.54121491113216,44.36598115695686,83.64428324612237,44.42378590295458
84.81880275492887,44.30235813515027,84.88554288240783,44.35496266990991
41.97808003951383,44.17711395710522,42.11503508320453,44.32163743496456
43.703568418270095,44.25487274801755,43.803609245507175,44.30032400259249
42.77959370787005,43.9993795805854,43.18315035294739,44.27717943298855
43.3480019088978,44.08824676808537,43.537642599948356,44.22163748058519
67.69477931856773,44.1104635741611,67.80004492914645,44.17720380674059
78.96255279073688,44.12237763466372,79.02699799111917,44.166095479889705
41.936478486088504,44.01043926919583,42.0150351351362,44.14297527182022
67.92163472140652,44.08824679002534,67.977291018845,44.121661870887536
44.42558983515261,44.02110809621037,44.4924277400994,44.0554509550099
68.12163482244017,44.00384739794974,68.17729095143136,44.050494807277076
78.14224019156762,43.97716278573243,78.24340422381141,44.03401527720477
81.24165425601086,43.87713837557983,81.3972616452553,44.012433379977395
42.62519925397106,43.865981185062125,42.777388699039875,43.99531903295748
43.61445700435536,43.943666690296865,43.65907815790246,43.98831228401413
78.00893948916996,43.92796846452511,78.07084571957603,43.966095489341726
77.0200722905629,43.84376447128359,77.12025976328198,43.954987090046004
41.57060938887042,43.84376435741724,41.615181684637605,43.888409942356375
43.969583945300656,43.726210654080475,44.10356059110234,43.821637447607074
41.881595711566376,43.754897163848696,41.93725194724033,43.81162771591492
44.46157621100798,43.688246780233115,44.725630878049856,43.78831218235804
45.05889063309036,43.65382296880607,45.1490682787786,43.72166189554183
43.503568422154444,43.65484833058538,43.59252530852348,43.71055347709371
43.99712306897624,43.564687283007274,44.1330526661485,43.688629649603556
45.292191380849204,43.63023895558534,45.369966834475974,43.66611989929548
78.82974019190385,43.59935517039271,78.87543555305894,43.655597428327596
73.68706442237595,43.57713839327481,73.80800388545765,43.643903105391374
75.16763083446796,43.566029983865704,75.22162693359803,43.63272146567225
43.781302709290514,43.52809051808531,43.914693289512684,43.626495879771326
43.49238676180403,43.45116180714784,43.7626426167696,43.61216472733473
44.52563866066231,43.54315399464794,44.59242770171602,43.57722830063504
44.703373005989135,43.53351044105155,44.78119730594864,43.57578786378498
79.04194722139772,43.52159638311481,79.08647063069901,43.57722824962438
44.070023406013206,43.454848330855484,44.194087934516006,43.545441185409615
78.59927153940583,43.477162784276075,78.63813086368333,43.53279459814608
78.42778720374491,43.43272919006567,78.49779866816431,43.49946940616677
45.314408172863125,43.398329804354105,45.50331640531664,43.49014332207973
76.77461336796932,43.16602997326301,77.06474212386712,43.466144307362285
42.88149811050391,43.377138370700706,42.95937107983161,43.43172041448348
43.88120503389791,43.36603012023902,43.93691016698898,43.43281907981181
80.06401762769059,43.40057586964785,80.11967386235801,43.43281908885622
44.11460351225645,43.32154762397953,44.236959028107776,43.410504603755626
77.19790426533689,43.28810032144888,77.277632712664,43.410602202228816
44.96987691951938,43.288222354022864,45.08109964311598,43.37844894486439
44.43511131284379,42.97582005665349,44.93676371095506,43.36611989957056
45.825394499024355,43.24798797944517,45.92543559110243,43.35537769297484
45.22554098867295,43.27147433235602,45.336714863796374,43.33775076022691
68.19805080726047,43.28822235468546,68.25502527400448,43.32224783310248
78.93086323217739,43.275209658710295,78.99760350114155,43.310528998424545
46.07012106290193,43.1882223822369,46.12065035941646,43.26609544598212
44.22524805282512,43.14232392268126,44.34154884113872,43.2563053947692
43.8727578045054,43.18822248645485,43.936910200477485,43.24385426607277
45.26987691548908,43.176039736835335,45.32558196289176,43.216632588395456
45.98052152993972,43.15492164049489,46.04774990395538,43.22171071886525
44.11738676011538,43.13270478700635,44.203560589086806,43.21052900550781
70.44350985445249,43.15492159977565,70.50028909763074,43.210529057463404
44.89224019801378,43.16729951659259,44.936763708236526,43.199493926852526
45.869779252647845,43.1326803618734,45.94506448222364,43.19949385922591
44.6478067242561,43.15492157655264,44.71464455299463,43.18831228483985
45.71431056869005,43.09937958993227,45.792134709237246,43.16060230275603
58.807279283121545,43.04676727909249,58.867720711776826,43.09946941162583
44.17012119636178,43.020741885272926,44.259078169227394,43.077496855088484
74.69707418039883,43.010439151838355,74.74281840360243,43.05557294116444
71.27666401869322,42.83685521723952,71.48783793255859,42.967389434664895
74.81929097139778,42.864614050087866,74.88715424680356,42.95503588437053
74.23169331698949,42.83873504933537,74.34291602514548,42.883502713664214
75.23159566959674,42.796254580585426,75.34950785664347,42.888336698836966
73.78730863310432,42.7647604399604,73.9115195704087,42.86616872406425
74.06509187150249,42.79559540089788,74.16137300464379,42.866168722910245
41.79277748444872,42.477162889830865,41.90141214567541,42.57063649606273
72.19868557886741,42.50995088039083,72.2766074221027,42.550030929662015
75.93144920327364,42.43272931652585,76.06010352225923,42.52171060439794
76.10918354952281,42.45062469777294,76.25531840173267,42.522662834321736
78.36440815966398,42.46644501027278,78.41996683743236,42.52244309132105
59.51201558555965,42.32867645558538,59.65800395047734,42.5152409521488
59.38979884315478,42.39940399669568,59.46806244389518,42.47725264668314
68.75483788867075,42.39940399629741,68.8215781691926,42.478351348727514
69.79907616670602,42.41168426808541,69.854732441441,42.44392744420831
69.51811909639781,42.24388650729422,69.77699793121008,42.388385489347556
42.59263089889117,42.232729215208266,42.73822855985236,42.32319997007478
63.8596718400006,42.26007295920691,63.94457617624232,42.310577865574075
75.39814846600734,42.22003398664741,75.47592382249894,42.2676579579916
63.49936916842006,42.121596426872216,63.60170509796205,42.20161794387168
42.292679733825366,42.15497041963475,42.35941993414508,42.188385505762014
42.99263088889086,42.10145483609689,43.05932223318695,42.14424490341507
43.5590371911934,41.99115208385557,43.625874893132675,42.04470873407574
44.07002339433723,41.97064422961945,44.13695895138136,42.03047527472613
59.61724024399308,41.86012176909854,59.66772069318739,41.910626700690344
59.85640034862416,41.82164521963075,60.046285116094225,41.91062673581932
44.558890688703286,41.85912079003349,44.59242766561283,41.899493926852514
44.69224031140277,41.48646454152281,45.070064423331246,41.85506033145789
45.23662495583676,41.74281219777281,45.29228118086172,41.77730144917065
82.92397847552826,41.63075174462931,83.13026951521181,41.77730151550115
83.25239646695456,41.6829977701734,83.31908783487762,41.74397623356215
72.63203529556989,41.6196188550082,72.68764249865546,41.66140798772689
64.12226953054676,41.55177222954863,64.23412694814215,41.65486498639858
60.534037085718694,41.51983856658909,60.68959574630236,41.622174558527675
60.92290425623111,41.548158988548195,61.0228965276396,41.60642751529555
69.06538476445968,41.14391083489893,69.87690041535876,41.610675567477486
83.49673242070969,41.5381979924549,83.59682226410342,41.60069013025337
64.44453524123503,41.43275363752106,64.63676371610234,41.577252636900354
60.70015035624209,41.45497043646223,60.790425825477485,41.53281912216501
84.27436910608367,41.48956514159265,84.3189902689167,41.5217595518525
44.75893941592483,41.45868133996849,44.83671477779626,41.49959158303987
60.267630867334844,41.3658591387525,60.411910199664646,41.466168595905415
72.19087303512578,41.31056124221807,72.26000588830948,41.421735086527676
61.07827536353369,41.32423313463245,61.122945345771484,41.36470383130812
69.63247463265924,41.27679657726814,69.71034754457287,41.31741383612187
71.4320840290664,41.17718720099161,71.62211521069423,41.32388355878551
84.32651755437473,41.243837604051194,84.3856406687807,41.31065115026193
84.40776758763565,41.23675755416066,84.48564062367814,41.266339629881216
71.75591209515488,41.21051241268226,71.7988730901854,41.25508473060218
72.16538480792025,41.19859833058537,72.25434172763016,41.255084601655554
80.1863320551389,41.143788760484725,80.35297465055953,41.2439274570835
41.79277730216944,41.17718719777285,41.84853116332596,41.232867950290014
71.07554097162068,41.13280244473184,71.15678324482417,41.22175950440102
68.98960356542301,41.086366909755114,69.08813089679751,41.17483572280834
69.31025787323989,41.009291689960335,69.38944926297745,41.099469512628716
72.3369667579384,41.02166964036108,72.36547462695472,41.09964039004991
72.6986855046593,41.01056126096903,72.7875448383441,41.09651540829104
70.0119179251904,40.963930453186364,70.23461527809656,41.07981619247751
71.17427144115851,40.97718719821758,71.31000580557293,41.06668141173553
70.68706445648564,40.96607891782979,70.76566989897952,41.011090523020286
72.70976950090812,40.677236124314604,73.04389261988553,41.003986114352514
68.7214882405566,40.92169404919609,68.77836521401986,40.988434354976945
72.44307026827289,40.899428408711586,72.5559043411024,40.98342947367591
71.78765041231554,40.88836886962004,71.93217380420356,40.977277126651344
41.58169338041262,40.921694044952815,41.63734958395082,40.955109150379016
45.803177769153535,40.89942841713544,45.87733988795799,40.95322927835362
69.77558979952283,40.8969625893245,69.84364847725902,40.95510910405112
72.09878315889773,40.888368860982055,72.15434184101127,40.95601242157572
71.98755274703637,40.6209128233081,72.46537699717692,40.95510915542825
69.47700587706606,40.799428477610476,69.73256449398832,40.932892356666386
68.62153709268813,40.81056125094524,68.7441855580393,40.921783959692036
71.95425196153002,40.85448213453104,72.02104095302951,40.907745836903715
71.14331442997656,40.81178194012297,71.21010342132661,40.89695486245425
46.00322657799768,40.81544403380151,46.05883402226232,40.86624189723902
43.79243563503695,40.76458955532432,43.90360941520032,40.832794646498584
44.44780659656891,40.78785626592379,44.53686128722967,40.83335620410203
70.3195351955784,40.7439109041277,70.38808193348791,40.81065115341498
71.66548238415919,40.758486025897824,71.75443949603874,40.80630543620747
73.26518940889787,40.74933075253857,73.34301371601674,40.81065107710482
72.60688873161166,40.68834442433534,72.6654257176483,40.77732587236541
70.78789455295481,40.710561221210426,70.86566996396408,40.744000762789895
69.90278709471431,40.63275362421446,69.94359952491953,40.71065115169232
71.69878316222037,40.63275366405317,71.82108987691714,40.710651153031606
70.65449611172073,40.626113004319066,70.7564902643889,40.69954270011836
72.47099998844897,40.61053690946069,72.5987753686635,40.69954268257051
69.78794332927214,40.56615205463969,69.87690042739615,40.664410790761664
72.70835347139774,40.460195010575674,72.88808205925869,40.66621752992562
72.6431190976727,40.59605933180124,72.69877540923022,40.63328295669045
69.89907618462672,40.56495575246042,69.97694926249437,40.59602711649286
72.02095117414564,40.49749969777294,72.15434175175483,40.59956716903996
68.67705466070436,40.4620260649604,68.84379493229409,40.58335612947589
41.959427739182445,40.53441376608028,42.02260347717248,40.577301513439366
70.56567769882753,40.49945283201306,70.6102500340092,40.544025167507456
72.28755271706933,40.4777976778425,72.38764255031936,40.54182790663411
70.56440817791201,40.42108374779487,70.7337851173624,40.49954275496951
71.42056051494495,40.354994816460774,71.57670511895179,40.47932791122757
71.2333534716451,40.32127908645644,71.36659770047737,40.44436693474522
70.59897847207077,40.343886425685085,70.64330659210731,40.388409840513916
70.36372465316492,40.266127639325546,70.51010353768214,40.3773503720012
68.77705464370865,40.19859834634558,68.9216269225974,40.343976201968744
68.95015035033174,40.254457740383245,69.09936134755202,40.3364568014385
71.51401754994845,40.24156712335035,71.63109962656677,40.33286780433171
72.09878317757136,40.24334930714785,72.15434182914873,40.31065108282469
62.34697659345818,40.208193076370904,62.41151949176293,40.27732587081893
71.14331455543345,40.24371551919823,71.18788662705964,40.27757009698861
72.54311922420521,40.243910835600204,72.65424410795953,40.2773259580472
71.70991597139778,40.11058564424776,71.77660742217233,40.23294116637071
67.75503316001726,40.077260488124224,67.90775969003971,40.21748708575505
44.00356844989739,40.121694048040766,44.108199197295164,40.21067552333294
65.27519917452275,40.06495584323183,65.43334572142226,40.20042165731569
70.54350976470795,40.09425263138344,70.7891074319931,40.1995670549105
62.91142979154864,40.15477509051233,62.955953021351206,40.18870290949734
64.45552146320853,40.12169403371034,64.51117774106189,40.170367950219045
64.61113667452287,40.07103492823954,64.72260352435035,40.17739919508476
68.4882362934112,40.12706513737423,68.55492771294581,40.177399064822296
64.76675200719689,40.06029266652287,64.84447855740075,40.11067541899398
64.48784566053985,40.01061005035321,64.53188085500346,40.08845875022557
64.36650776868697,40.03282684621037,64.4003379337451,40.07735022508298
65.16606831514775,40.02171844777281,65.20063090360247,40.07735028457033
65.93306060943587,40.01061006613365,65.98866800623819,40.07735024098183
65.86626365606895,39.999501664295096,65.92216410665719,40.03477213978111
70.54350973448601,39.96351540303702,70.63236910005958,40.02840015749008
66.18442769177273,39.87818825059314,66.3887167082911,40.022809323442075
66.47734761202275,39.966176469468124,66.51088471881093,40.0218083578403
68.41206444282966,39.977236048534635,68.45492777661173,40.0218083578403
71.1016152095496,39.9439108424685,71.1502890095764,40.01069992646616
43.95893947924867,39.89947723683538,44.11469335592096,39.98457690756409
65.89985737903714,39.899477252878356,65.94594330743439,39.9662663877899
68.96597071399947,39.87452606496028,69.05668545605027,39.9662663877899
66.82183003981578,39.865053408710466,66.87807228340353,39.955231220539346
66.69956445351926,39.866347368948894,66.81078707349616,39.94400076079354
64.31108784639781,39.71913055714781,64.64447854343842,39.85366862996905
67.24155661081295,39.7328024788505,67.33363869927439,39.81065114782125
66.6533731175814,39.709242861835335,66.69965421185532,39.744293729060885
68.36601948728548,39.64393524464778,68.43285746610246,39.69956716903992
67.70561914128763,39.604140332702414,67.74403910672748,39.644025092580236
44.025638627821934,39.532826846210284,44.125728546710434,39.610699970538164
63.75566801096596,39.50982881768117,63.86693946809169,39.588483034019745
68.05498439247134,39.44395971674966,68.17768168220755,39.555157989352395
67.57612702197781,39.486586734449205,67.69960547670695,39.544049506461434
68.17720123259517,39.47662567729914,68.2994588749595,39.544049590454975
75.90913482997445,39.39952607642367,76.06483978782904,39.544049581572025
68.38813864253655,39.455068057286226,68.42045510914505,39.51065112297819
44.34785546181291,39.40338348683538,44.43676367683179,39.440143280194704
69.93232808077283,39.420302432147864,69.99906837049946,39.44404959091493
68.84360738110718,39.38634252807201,68.92162698374932,39.432941168038965
68.93257222364605,39.39952627288626,68.99989846170689,39.43294116626883
69.1658730026478,39.40956024464781,69.2215781131249,39.43294119247754
68.52163472187738,39.37730926947309,68.5994100891761,39.410724395605044
45.025443384559026,39.3328756743354,45.0942831063108,39.40169106110348
44.44780679607851,39.288393279921806,44.52821878981945,39.35518231729405
68.56606832368243,39.31395477830581,68.6550253851417,39.35628103622757
63.155814518443094,39.27728486221018,63.22255461238444,39.32017261721215
64.43335348106064,39.164320986835364,64.61122654513008,39.30056807160737
65.12856833523409,39.15880347907036,65.36869722027075,39.29959156699233
44.703373002837964,39.19947738234764,44.83671488521503,39.28848316812288
45.35874409774942,39.17601532277284,45.44779872995878,39.244611024397145
64.15557029853977,39.05506805714789,64.37782816897476,39.18403982529007
66.7997597421338,39.05506812850895,66.92191996610228,39.16922047207571
68.02163472196656,39.120986081628885,68.06620684656446,39.1614078631974
64.46401753952699,39.019399157655116,64.61220313506664,39.13340503802637
65.57295308098867,39.02174289231594,65.59989846497035,39.08848308276397
64.35561909974416,38.943617861966786,64.52284768165458,39.03294116603537
45.569779265184195,38.932802562781475,45.68105067889701,38.98823895262855
64.5872597346297,38.8624411288808,64.74452738797743,38.96445970145011
64.96660544831701,38.91058566540936,65.01820899702739,38.96629065907116
44.96943747572709,38.89081025797067,45.071333923993734,38.957184356540026
60.356302783498904,38.87726046865025,60.42309173965879,38.93086590670838
65.72202548173823,38.79815888857884,65.83539647726417,38.92183279403993
45.61440818334046,38.8234762728557,45.72548440224733,38.888531915401856
64.65557029520266,38.793349307147864,64.7777793407169,38.85518240341504
64.57783594790789,38.783095411471564,64.63344340345378,38.822907012790026
41.45942770925518,38.72052219193249,41.53734959121772,38.78853189888177
64.6111368081954,38.72193821490451,64.70014261483954,38.77810720358137
65.88862691576111,38.643935245823045,66.03275971630018,38.7440982803041
64.25444722707624,38.666249697872544,64.3001426210389,38.71128581752923
66.24360737764789,38.59950165089781,66.28422456185882,38.65513343581334
68.7003456970815,38.4661764555854,68.84379495858747,38.655133574614766
44.67007228555417,38.58839329761845,44.74794533630279,38.63438161568219
44.814505815361315,38.521742861835364,45.04789649180856,38.632916775270544
68.99761133229333,38.542348330585284,69.10844338272977,38.610699971482845
65.9060585505622,38.488393252515024,66.03500585204262,38.57197927650283
68.16533594108938,38.49554657277294,68.27836527818994,38.56734046337827
45.525540971516364,38.4562887870557,45.569771528602416,38.510724384293624
45.71431050264778,38.39955048295532,45.858834013880255,38.50349773172472
68.05498436792635,38.36622545000198,68.10502543287049,38.441510496729975
77.19790432715246,38.399477236851496,77.2756797265098,38.44412270500207
42.08804109161139,38.38922333253616,42.12611918018018,38.42190602491739
67.94380269381253,38.3550925904576,68.03285744541353,38.42451834091504
45.33662495577278,38.310658878827795,45.38539650282269,38.36765786295912
45.76987694701211,38.202333697079595,45.83656828883903,38.24409832142358
45.58100986873967,38.14403292079017,45.747798872335466,38.222198982478815
57.90117578179843,38.14403291682366,57.97895111867933,38.19966478284918
58.134427722684734,37.865370880351676,58.556685584590014,38.155231229921995
77.10903719401375,38.06622528985879,77.18691018775178,38.135333770602514
67.82280661532093,37.988417666522835,67.864986359145,38.044049565573644
65.07661519229231,37.93292450585891,65.1683553987134,38.02273607374268
45.93647847139772,37.94398411167613,46.01430275661198,37.98521169027195
41.91489657732393,37.931215518085324,41.970503937054104,37.97495777970856
68.73257234098475,37.820375674335466,68.8882284577943,37.93301440311647
45.86977936928247,37.732900227043714,46.03251557960351,37.86631521557173
66.9550331619559,37.679628604022795,67.03300395014253,37.72188162077491
61.766654329489256,37.49627900146673,62.007710889135865,37.71077322357466
44.96987702480823,37.49781708058531,45.14965433611184,37.68850759872744
62.111478473840464,37.58849093557937,62.222701191501926,37.67744799689042
42.391068324069465,37.530898176522285,42.50380464334546,37.599640410829196
67.35503325300249,37.48871070283032,67.49965433739561,37.5774722938004
69.53247457979694,37.48851534298062,69.59926359983103,37.566852255761816
45.85874415295103,37.4662497578512,45.95878519980795,37.53299002039721
65.13325595576441,37.415517286629225,65.29994727549166,37.532989962704605
59.04409576504918,37.42181610434493,59.14545505661812,37.510773106348736
57.26787499265305,37.443984081978286,57.390181656592574,37.494903983097984
62.3337929270167,37.454530947772966,62.38940036227848,37.48860520214187
57.87886129642504,37.377382631338506,57.958882729997754,37.46633962997747
60.43413480164696,37.35841288493718,60.55199797726624,37.445636495566376
55.47930087487754,37.36602997231783,55.52382411470154,37.39988455073954
59.59917384073839,37.332900272457394,59.65800380379511,37.39968920101718
62.311478612720805,37.29957489308542,62.412886675834955,37.36631506723795
69.41050200279693,37.299574893097414,69.46606045805538,37.355255481000924
67.18765042661812,37.170229198119884,67.39955665712603,37.3329899946976
43.57026753750097,37.25514130427787,43.637007716456765,37.30064138778987
60.46743550264779,37.19618133839789,60.634078056791395,37.28294119247742
42.53706440889778,37.130800595488765,42.72758388445487,37.18826351557722
46.09360748277072,37.13292450308593,46.13500581381294,37.18858083641446
79.87519917452283,37.109511416522835,79.96415629212515,37.16538737873027
55.1461465047546,37.07738255770825,55.20937113520654,37.13301443455167
58.467728620552066,37.08631805714789,58.53441996468587,37.12351723251673
57.44546284779722,37.04359347477565,57.53461525025449,37.08858081802187
45.07158599650455,37.021840518516896,45.113326196995104,37.0774724168124
46.04766013802231,36.94078583058534,46.187544927389126,37.02193044726799
45.336624956856326,36.932973336833314,45.43666591716811,36.995074937059385
42.970267535471976,36.8382467680854,43.02592383502417,36.910846359882086
55.31269919346124,36.81068329182396,55.390523455574964,36.90066580141534
45.658841752969806,36.738417672306,45.78105075763182,36.82261398830896
45.09224019014789,36.677382567548605,45.21449805394593,36.77334646206093
59.11201558363308,36.64405732069703,59.1454551068922,36.71079761989823
65.72202538547657,36.67689422902281,65.78881445450952,36.71128591424106
57.02358787258356,36.62608857006204,57.09023046824848,36.67747244240469
60.700638775247114,36.57738251219719,60.77641205815962,36.64414723020566
61.08950582806324,36.5147604452106,61.23432228721089,36.6219304441547
46.19058012021463,36.49964814031138,46.24052347697875,36.56636404188255
58.901029254654986,36.431508595699526,58.989986307377876,36.47666677669322
61.800443471838776,36.33038557573259,62.00136324133655,36.46641287216492
57.40122462492184,36.38853983242565,57.49252543478366,36.45662283310246
58.98696675636876,36.344057374965686,59.20092387180483,36.44468432331779
43.04814840298906,36.29718233332481,43.23705652625887,36.43430837997754
73.80635152082073,36.29957489332516,73.86518168485247,36.43301443333634
42.4259315963979,36.354604189960455,42.48168552396811,36.401227249586086
58.86763081941001,36.34327609155075,58.91215418621664,36.39968916603267
72.57646875484795,36.310732120138695,72.62733988510143,36.36636395043671
58.71089253531335,36.176820990866574,58.89701757484602,36.34414717896202
57.57768943174301,36.164369817678605,57.7568808949174,36.29966481954959
74.2539590541445,36.23297338497555,74.35395120292611,36.28062184534549
43.97007222139786,36.15367647811313,44.082271528602405,36.25523119631002
74.43179097139785,36.231923525897926,74.48734959079349,36.255231231539895
73.72392970214713,36.16632295579065,73.79076758044687,36.24424490257972
43.92563878554472,36.19964819817123,43.98134374854561,36.23025561620808
45.43657612764787,36.13397434186906,45.53656840025212,36.221905960913645
59.27739646569432,36.11871553430704,59.389888587896735,36.221906013835124
72.00991597139779,36.121083701365066,72.06547458423915,36.166412824349365
59.256498146323395,36.0304587757923,59.40102142732303,36.10703784134243
45.81294340450967,35.966298568803225,45.958785055222506,36.05344900491558
71.77173241385799,35.89964818051574,71.85439066765275,36.02200357698159
71.76870503534485,35.83705047902278,71.8107870929598,35.88862961614426
59.367630916446615,35.810805365317705,59.423726569318035,35.86641286842264
116.8945840022252,38.55687481256312,117.81107214427601,39.44570974714837
109.1642129411905,12.192226274931485,109.22478274800017,12.26370290451979
121.11133873800014,38.76343122589908,121.92318769600007,39.168976322737976
113.21567846150845,22.04315827000012,113.24425613974864,22.052325958102458
101.36711435579377,2.9295309958811373,101.86547465221196,3.276886376955929
139.8346460300001,34.95343234059932,139.9784237554535,35.04683097935036
55.15689089577995,25.09571754361731,55.56812584700003,25.584662177000027
51.49106832708088,25.674501722088948,51.57903546704131,25.71404461595681
39.03982131685251,21.333510481454823,39.44867770834247,21.77803396384172
72.89683345851324,18.85830312700007,73.03178312374314,18.97382346004659
72.75339700811747,19.305553094160857,72.90614847980567,19.503052994848375
151.42368560377008,-33.397763967513555,151.4709434014485,-33.34856057304978
43.87016987803452,35.59962377142266,44.17021097526447,35.844196071923605
43.84795316445127,35.733388369647784,43.90360932348028,35.76602220867646
59.81899806517464,35.67743133839794,59.90072853150696,35.76658376961599
59.54526770273952,35.66632308721451,59.59643154144328,35.7107975210789
53.46855854952281,35.611586666815995,53.557515590634466,35.67752124770941
71.69155665646531,35.63636689661983,71.73222267166443,35.67752116446256
44.225736303470285,35.4107566225711,44.492427710862614,35.621930357254925
45.38100973711397,35.53944305743771,45.481197184229245,35.604474357819825
46.14643940889789,35.48705057095502,46.236568268235374,35.588727243401806
58.72261135834009,35.544130590031514,58.77885352048315,35.58860524854866
71.74443750129564,35.49964813704345,71.8099569984517,35.57749680572634
59.06753315921213,35.488417692133325,59.134322305165654,35.52195475982613
50.545609441586976,35.35914520970631,50.73686137235245,35.448322040248954
51.235648492877885,35.38795380841786,51.31342383951545,35.43308765034108
59.14272852074998,35.239565223962146,59.28012306887132,35.39973806656279
46.9019081999499,35.25523897249961,47.12524027240312,35.39046071838369
50.42461324798711,35.28834443655309,50.569087917985996,35.388629535711075
44.31450583615572,35.199599307338175,44.514546867179774,35.36641286084624
57.91265035159205,35.2330221587104,58.01322851000441,35.335358184664884
58.401078161830185,35.19964822064394,58.551216802322074,35.33308753084579
60.57075585796491,35.21156224407265,60.68363859246705,35.33455248224534
58.23335352205214,35.24413059537808,58.323287149125065,35.32175953686364
52.27764058077287,35.18853981515399,52.379927720153944,35.31106614095454
47.74087303405514,35.164687206451404,47.79189044942217,35.27859548934951
58.10102925335218,35.2330222618677,58.19018164790492,35.26643715426546
48.658158229674825,35.19964813527294,48.73608012235246,35.25532874976186
44.50337300330551,35.11217264679006,44.66625581460778,35.21089528369514
47.79180073722159,35.1544089029026,47.847408224329286,35.20027514685587
50.27007233008089,34.9885398240216,50.48178323335367,35.19905447372743
49.80972067764225,35.110365933018656,49.88158793219333,35.16641278818206
58.74541410520999,34.999648135272864,58.84755473172743,35.12332200668449
69.0266640227681,35.05519012748262,69.06264261810344,35.12193044017944
43.392435600457645,34.91082980857895,43.614790918122765,35.09988455185247
46.31411521304835,35.03302216621189,46.39203700123784,35.10086111379532
48.42500391493189,34.962270225123646,48.513912079189424,35.04426931659715
60.46743560909101,34.999648136337626,60.52299418179433,35.03367361435248
59.5897011277587,34.97584452318985,59.656490262727345,35.01826831331748
44.61245510707431,34.8774557542081,44.703462933280434,34.966412831497664
60.04839256027054,34.91082978560489,60.17860927552596,34.96641272359126
48.380521442956706,34.88856414748632,48.45839445997672,34.944196074663964
48.41387104952281,34.748793643085335,48.62553322027054,34.93308767621933
69.77690829233546,34.87782200466198,69.87690032716813,34.9342351315007
46.86968169267152,34.77745586429104,47.00419526586529,34.87136884677348
60.814115194037925,34.81073211964794,60.853072304071475,34.85532888667406
46.46938863012684,34.79969696339781,46.50336527748948,34.84422034067545
47.53618552334501,34.76954559621031,47.669673857673104,34.84431814411742
48.06948628502755,34.75519012981353,48.19184184108866,34.845074964998574
72.27641987804276,34.73932098683535,72.42094340145036,34.83308763018722
60.75615620577281,34.73302220601683,60.834029212116036,34.80337576122783
50.69121481733049,34.5552878106259,50.998287153329215,34.776837598542826
49.95806063656198,34.66632298808956,50.09154887195274,34.767682318824754
60.32305080422617,34.63304670497105,60.404683628813814,34.71243335614936
62.08550194525009,34.65526346037372,62.189839869255195,34.69973802241246
43.614701146732045,34.56622528553122,43.719283247352394,34.66641286926237
60.11186912228709,34.5552877955145,60.18969340360246,34.64419595891833
69.0924355119181,34.555287806273455,69.14379485416111,34.6220279637062
48.400052690152336,34.52049775398466,48.50136324717761,34.61087087681345
62.78921284758002,34.566396265100835,62.86708598089234,34.59981124981
45.547660196533286,34.510756533710335,45.63774027824678,34.58870289068351
58.134232377871456,34.51075665799759,58.23598232337298,34.57759451272362
43.72768943405413,34.51075657251947,43.776900335656364,34.566485915624625
49.958060541320776,34.51183075582871,50.06923429179403,34.56648611427987
50.93569723521205,34.5218649324289,51.02465414348222,34.565753626640245
47.89165425449619,34.49303193123909,48.01405859101715,34.55525564558441
51.202298867024524,34.491322939960284,51.33568944515042,34.55537762573759
47.65849997078385,34.47748017394797,47.73627541393415,34.52988935713857
68.79131246949436,34.46637176808535,68.83266209775849,34.52195481491542
70.39897861435549,34.399428410440734,70.55463480752007,34.48111013778994
58.59980859434563,34.33302215981392,58.77299418036847,34.446320031455215
73.4095253463978,34.34312970715091,73.52260355830867,34.422150161721405
48.745658185066816,34.266371786424585,48.924947309620165,34.368878692477395
49.83579489656648,34.28858862037275,49.89174418485237,34.35537750945987
71.89873434584791,34.27269509041939,71.98764252100335,34.34419604187089
71.47651753389783,34.20453097190078,71.57670509592782,34.31089529402054
47.558353490845946,34.26405243214866,47.636275427488386,34.29978689492769
43.8589394090115,34.1774801701646,43.94814064236192,34.26646158982892
48.30278715045023,34.166274112516206,48.44721292224625,34.255353239339954
68.58823628682694,34.210805363229255,68.64389259084538,34.25442550201974
72.15425192284658,34.19818339763218,72.20990809101772,34.250470392050985
73.15410543422223,34.13416961964778,73.27641211374004,34.244220488571884
69.57856840153073,34.0991110258979,69.76591408646578,34.21089521150729
58.59990620715553,34.132997832578,58.66108003662299,34.19978688212892
46.50308003414074,34.08861303063823,46.58568949353878,34.187604252558074
49.368949175042076,33.955263373025375,49.80248624510966,34.16841482433556
71.11001366079898,34.066347356127,71.23490824099179,34.1664615554222
69.3102577693387,34.09852508839778,69.35487887908602,34.14273122936807
74.77558982146286,34.054872744647966,74.85014254296988,34.13308767684903
58.12334382655217,33.99945282751786,58.3012167820587,34.11433756413298
45.40317775549198,33.97374490214652,45.60697854108702,34.085602322537014
50.6197793021409,33.958852230851235,50.761568377251024,34.076862059457326
68.64380269014782,34.04413056280772,68.68827737307834,34.077594512789986
44.130326141016724,33.9886375226762,44.259078056470116,34.06282395295581
72.8852090859362,33.977480245690415,72.98754496822619,34.03352712866412
69.98896882759658,33.94630346204771,70.03246681033517,33.98374673191556
69.89565807299425,33.887929498304416,69.95483008781628,33.973419627058675
48.713822282276396,33.85296844092464,48.84711527797339,33.966510509461
51.73555078766975,33.88751434714207,51.82445902630991,33.96651051641446
50.38979886027522,33.87745586163534,50.63588480342702,33.955353301852526
58.48882223418974,33.853334678368654,58.563228559852405,33.93357593585473
70.20879292452281,33.88678204943206,70.24477144990345,33.93313643482084
69.87681054475809,33.844130557147835,69.92133396412856,33.899762450131945
72.64311922676967,33.72108373860185,72.88930277860248,33.87754563195186
69.38813862779017,33.79896459762536,69.43266193930032,33.839386373187025
55.03491612829549,33.777577822772955,55.123824240224565,33.82864426366753
44.57661521285269,33.71141571385458,44.72377540008961,33.82200361588458
70.32124415390496,33.78346161183531,70.37680270603039,33.8230779112274
51.3911659713977,33.744155054446836,51.480122980956764,33.799786889775916
72.93193747640419,33.532118850115424,73.17650980985252,33.798175533561235
59.13423237787498,33.710805361835426,59.230513691820704,33.788678371884956
51.93540425264791,33.677504653851955,52.079927786273345,33.77761886082813
70.43242573852376,33.73536592082736,70.47694921909846,33.77439626620337
70.0434121090318,33.6775047150487,70.15468355937912,33.76846361165015
71.34331442121066,33.69972138588538,71.39887309110242,33.74502611709089
45.04780671389227,33.67750458267129,45.10004491399144,33.72207690303894
50.02407616423909,33.62013153371025,50.14701760822027,33.72207691795954
46.32490622592667,33.60926731264722,46.51440039039426,33.71089528281071
69.899076158561,33.623281047301774,70.01029875247957,33.6848454893525
71.38784575667762,33.54583957393599,71.53227151730636,33.6582829893524
44.2198769372535,33.57750466165918,44.27025960781077,33.64424485401368
72.59868550264781,33.55528778371037,72.7165488722535,33.63313650181142
56.86797261406423,33.588198075711645,56.94691992223295,33.62202805455952
69.79907618287308,33.567568057147795,69.86195891514842,33.62202810528392
71.0814979960308,33.54417938527284,71.12260353987443,33.61091968836534
51.84653718502608,33.46637178231559,51.96889260310019,33.588702823745066
52.16875393722495,33.52362274464791,52.23559179931061,33.57376146367001
47.56938862899045,33.52184051830663,47.614156142547984,33.56648608765887
48.291654253387435,33.433046573108825,48.43725199042848,33.56362956803473
71.554398402029,33.521962588397926,71.59892190217312,33.56648610323377
73.91182034508677,33.514711621971784,73.96523050883366,33.56648604143318
49.0486367668272,33.46637176880223,49.08998626016631,33.52205250761399
50.202396515600356,33.42516083861294,50.3580527760746,33.52205247152669
49.42475978413478,33.44415497252062,49.53588479431704,33.515289723359004
52.42427144014789,33.44415497196577,52.54789641554237,33.512189224592916
43.22578511280818,33.38861298798092,43.537056655430945,33.499786892589995
51.092923785171706,33.420888470727604,51.23573819708798,33.49978689755831
71.86543355183454,33.377504604590186,72.01000581519514,33.47446944748039
49.62480856113143,33.38763641652291,49.77089457363547,33.46682791074947
72.03203514291226,33.375746809904925,72.17655863287473,33.466461700050544
52.32392969285024,33.355239008132955,52.435494100960796,33.457111097189554
69.62251364085512,33.39977020558531,69.65483001210669,33.45540205024808
71.33218160551547,33.38861297902294,71.38793558928222,33.43386887148934
43.72578518521772,33.33246064806157,43.82582616230525,33.41109060398195
72.5313027176735,33.32147434008816,72.66703715240254,33.39986013778993
44.003373004646164,33.28863739388193,44.08149027809583,33.38870278348885
71.47651754520831,33.321913760272835,71.5331014860813,33.37840017135876
75.7425331667352,33.29974579152294,75.80619730928157,33.38352709000536
72.76528706540466,33.30279754933544,72.81874612486217,33.34426927703613
50.25801171507578,33.19972149201793,50.373677681691674,33.33303884801474
71.2100136285174,33.298647158710324,71.26566996609381,33.3330876655816
72.08965236616223,33.26637176808531,72.1740683943691,33.33418630966504
72.38755283200464,33.25616670670165,72.50043553235577,33.333160850104846
74.02070701108443,33.27040017230253,74.12152934110247,33.334088602574
70.99883200746797,33.26366180714787,71.13227147477227,33.32156421625528
47.71367575043837,33.23304659310689,47.814742231727394,33.310944029393184
73.07637104952278,33.25438446591362,73.17650976372465,33.31094409312992
73.25410543706658,33.24391085337122,73.37636322939426,33.308624769309816
72.19868552184545,33.22193829200013,72.33778905526896,33.29854177599621
72.85415426518932,33.23626931102156,72.99877541373178,33.30491384872754
52.168656265191885,33.19972138769826,52.224361372352405,33.27761892672423
73.10967183351073,33.14417946978013,73.20976167454029,33.188556424341485
73.70952539349719,33.12750462199695,73.79858004046531,33.18740887478238
73.57632230846934,32.82201143892716,73.82069926258475,33.17764331109082
50.946732433718296,33.10186982791295,51.01347270047745,33.16438645732548
71.98808984671894,33.11085418278971,72.02074805094566,33.166486045366966
46.1281289045844,33.09974581855913,46.17084567944431,33.15542645379942
72.83188870330923,33.033070989594435,73.01308207547743,33.15737966903991
50.09145894864196,33.04205537324195,50.20248626061533,33.133160913761046
71.46938867168728,33.05528780315775,71.51000590331682,33.12210129863344
51.06645904997703,33.04278779358616,51.146870994972915,33.11155446088985
69.73247456514775,33.05528778371037,69.76347266964001,33.110944065578295
69.47700593895513,33.03307098939983,69.52152934082972,33.08474783299452
73.03188862818826,32.976576886210424,73.25580657507697,33.09036302820006
69.38813863782951,33.0204978271985,69.44374594127453,33.061969428485625
70.51001363681968,32.96642059621031,70.69950776411753,33.06382496210348
44.76948632176891,33.01085420301821,44.836714774630195,33.0553776848903
50.345365190147845,32.977528995564526,50.46342387235234,33.05537758582146
70.04341208651425,33.00091768246368,70.09916603410517,33.04307301374804
72.3653848540983,32.920351356754324,72.498677773915,33.006451919142805
74.07622456520892,32.95531223893478,74.12074808413848,33.012531026425094
71.50991597629246,32.87750468582992,71.67670510587095,32.99983571020185
50.0929238974565,32.93304657309854,50.13466409078666,32.98872730172788
72.79863679008997,32.91522430714794,72.92260353010198,32.9899480284149
44.74785543102479,32.92198711442843,44.836714885049844,32.97764333619749
75.12046297792887,32.93785614308534,75.18725199693466,32.96651042038029
59.13979891055811,32.833119837431965,59.301021528413344,32.955402094965294
53.01059961787138,32.84352020558531,53.153951111482684,32.94124197060556
44.31255269611438,32.854677480791096,44.39237882919764,32.93313650497747
70.77671292968671,32.80882785390351,70.84350195584818,32.88194013366977
73.80835363676539,32.76234344777289,73.92069923426635,32.86965994174794
69.74350972521484,32.803359187010315,69.8384238705134,32.85542645790564
69.47700581623457,32.76642059621041,69.61039644612072,32.846393333271564
44.27163472235566,32.76642059621041,44.32475199338512,32.83320961106652
50.58013097057528,32.74937958385523,50.691304705267385,32.81099291245373
74.77602939289017,32.662465633040725,74.93412696956068,32.81367844854306
48.24614651923514,32.69977030255525,48.38061132819308,32.80061682821524
52.413138627647754,32.69898904600369,52.492525432901004,32.766510479595595
71.63218168207408,32.73341278371028,71.68778902766803,32.76609544707178
44.249466783253354,32.69977022746163,44.292378945776306,32.7442448218187
73.93169346517095,32.68861297902278,74.04286712296187,32.74424488700113
48.558255825243805,32.62047340618558,48.74731053929486,32.73318528749506
69.76582426278537,32.67755342064346,69.82143160537464,32.73318526974181
73.49839253411648,32.68861298411356,73.54311137213432,32.73318532801146
43.970072231060726,32.5664206457207,44.12572852911262,32.701080716757005
69.35478911430346,32.66698212244576,69.42143153885229,32.69986013504949
72.94302146178933,32.58863739866656,73.09330667928862,32.688702875853025
73.69839253533848,32.621352236835364,73.76518159590103,32.68870289561208
74.17612700941618,32.62999481496034,74.27626559744368,32.68870290337013
74.43061909639783,32.63307097817541,74.464986361272,32.68870284244828
69.8324745934973,32.59764618424312,69.9097129104037,32.67764323661616
71.44331441580562,32.54737763760055,71.6296835546172,32.66648610397199
73.45278708539428,32.57752899464789,73.55409769687009,32.66648611250368
74.02070700326084,32.553847354022864,74.12309184110245,32.64553893599039
45.762503911536214,32.46283176823029,45.92543559110243,32.61507009798312
47.12515035088745,32.45423800681685,47.314205109925865,32.61094412088484
45.3587440963978,32.54393524464781,45.45888280996127,32.599835709997606
50.68867582128428,32.5442038014899,50.79130470324674,32.59983572372742
44.352494108913504,32.420912783710364,44.50624610010004,32.58987478332459
69.79907617793572,32.54420380295538,69.8547324469485,32.5887272953572
73.19853902219756,32.54701143266492,73.26527924577857,32.58872713221855
74.46792384994609,32.46563934621044,74.59740824654057,32.58872726566547
44.213724671086425,32.52118135433908,44.27025980024848,32.57761891582213
71.35434958382194,32.51087860424077,71.39750580049196,32.54922535833383
48.09062886202287,32.47755344036115,48.18070896702346,32.544293590642454
72.86421284639789,32.46344208137323,72.95434180682508,32.53550463864126
48.2906776901479,32.3545554937899,48.49164640045507,32.52212576031222
50.92397847139773,32.4664205962104,50.96708595521852,32.522125605177294
71.4099159713981,32.37755355352205,71.55448832547728,32.510968524854306
74.0427773818783,32.42198716798082,74.16518161638157,32.4973454893525
52.63491599564634,32.433046576461365,52.692037153602485,32.488727197291
75.73061924917033,32.43304657506677,75.79565036321827,32.488727304663755
71.33628332606617,32.421987002460426,71.3768027786025,32.455402026825865
69.532474580761,32.377553408710426,69.59950784268216,32.44429370411147
47.61406641124381,32.308119819839064,47.80297456397227,32.433136504977384
44.648197265782244,32.36644502403048,44.692330122255726,32.42207693454601
75.49087304659542,32.36644501327386,75.53163674239767,32.422076886835114
71.88755269090001,32.333119810836436,71.95434165791278,32.388751735757054
48.92856833987571,32.26776336989424,49.074605460823705,32.37764325409488
53.94624423988307,32.22052223779487,54.090718789052346,32.37852223563134
55.49043355223705,32.28868623549262,55.568599651345664,32.377643215530256
71.3099159713978,32.26646953950173,71.4211386713726,32.37783864956093
74.32290425272589,32.31090302669908,74.37260355958301,32.377643191669264
72.20981833758321,32.26561503329761,72.46537699716094,32.36653491442216
70.72124416792644,32.310439150897835,70.79906839886166,32.35508470057816
51.31269921871706,32.22083965227331,51.51342382032482,32.32893723886873
69.56567769170192,32.29369119542987,69.62148040070997,32.33320974577735
72.831888636435,32.241396182147795,72.96537699735234,32.33320974716504
75.5851601218335,32.24420379933544,75.72094339101261,32.32234547719783
48.83608785915101,32.24586395558542,48.90273050825675,32.29715017174216
50.561673852225056,32.2331442290881,50.59608987068327,32.29983567547826
72.46528711658249,32.25409149464791,72.5432090102712,32.2949529101471
75.15376370870996,32.25536102833293,75.20941993303131,32.297955819020316
50.75776759690217,32.22203583665437,50.81474223172728,32.2898259581025
74.06509177828684,32.077577822772824,74.25492768760205,32.27842451544355
70.35517979736562,32.199819037334564,70.41010342481235,32.25442554936886
48.191751909025925,32.166445102178685,48.30287699088427,32.24465991912875
71.2544472422046,32.14354467694763,71.3219198213655,32.21101725624281
72.5764687057727,31.99977033728554,72.77416605294604,32.18320974716504
48.991507876343235,32.02081520392936,49.213814431124035,32.16653494241187
48.408988250071616,32.086318057147835,48.458394564588616,32.144318136364845
44.26948634604861,31.97667452672995,44.4701131711484,32.13316091903998
73.64292379734235,32.05531219777292,73.76518154644646,32.13316090746896
48.80561911237726,32.02928691231058,48.93608010268997,32.123932366379066
71.60933003906172,32.06642059621028,71.65356057249471,32.12205240041875
48.669388628693355,32.0658590770138,48.733834012982186,32.1109928256336
49.18032622464506,31.85528778395131,49.42484953242598,32.09983572372751
51.84653715463884,31.99718231496037,51.89726169484311,32.077667751659575
75.38657614313684,32.026357131011494,75.42738860301654,32.077667750996525
44.83662497298877,31.955312201929118,45.00346279390544,32.06131032956931
54.17778716581813,31.966445018759558,54.290767494737,32.05667163085208
51.21343166677548,31.944228260921946,51.32460548700482,32.04983569150026
72.15425191163115,31.98871064584999,72.19848239247773,32.03318523031568
74.19497457744495,31.95531232068477,74.28734965304955,32.033185224693156
44.56802152261929,31.943788848253305,44.62572856904609,32.012653105042475
72.32095119941255,31.96644501166061,72.37650978669302,32.00906421397856
51.59097068502945,31.955312210628804,51.64672465360235,31.990680343712043
51.668900384667836,31.94422831146393,51.73168557756088,31.988800567287385
49.624173791754004,31.876454775897898,49.702681641032086,31.967511496977394
72.63203516551857,31.899428408710364,72.74311137176028,31.966534935779507
44.4923378463979,31.895033908778245,44.558980433360716,31.944318134732313
73.254105543393,31.88941870455993,73.32084574115294,31.944318058940766
47.069632895789766,31.806020213742997,47.23637296726616,31.921906033242166
70.84253321047203,31.799794619981142,70.96420508866123,31.913434325753386
72.53203512325251,31.813344437020206,72.58764249926122,31.855426542652353
72.77641998925719,31.799794719731395,72.8623495718914,31.851593518690223
71.08218164551971,31.766469463245315,71.16566996406874,31.839874786227497
75.1648964471483,31.799819033710307,75.2316855862324,31.843488051145428
49.10161519426572,31.73314427053903,49.238033247352405,31.834015387244946
54.148197276512576,31.726821048715564,54.26840433208844,31.82210128891235
44.92900787597466,31.699819046622096,45.03783781308135,31.811554387008854
78.40874421916544,31.743520252819607,78.49779885976824,31.810992943261013
72.87632222139786,31.698427432304797,73.06684183664612,31.804108184664912
73.79805076045187,31.72828587281161,73.86518158657253,31.799884534904024
73.32075589833926,31.69818330770231,73.39931254422743,31.777667704047772
73.9316934637751,31.675917666830102,74.1109824643006,31.7776676431818
44.5923378542638,31.734389360959923,44.63686136266659,31.76655935654007
74.76265034660241,31.577284864799836,74.94657816922734,31.71096851535107
78.36440824967065,31.647890423701384,78.49779883864375,31.713287872164884
49.2142128546526,31.609755614215672,49.358199240973136,31.70286306747748
55.344877024454945,31.577211628428202,55.46830660563916,31.687360026585807
71.0089395276392,31.599794619647824,71.14340421631351,31.69356130966493
81.85268945594856,31.555361030412357,81.9435019936954,31.656525174094483
47.15229882304533,31.56646942434854,47.225337934317,31.644366837442604
48.124955035828634,31.554799668726062,48.280660183508076,31.633258438049026
73.86509180720361,31.602553440077358,73.92069913745348,31.63325854215428
48.83608788565192,31.477553413034926,48.913863310366025,31.623614942681982
54.40107809396784,31.576283877460426,54.457417879367426,31.6221012574466
69.89780659639786,31.499770206103634,69.96586522299214,31.622101306168233
60.01186909845785,31.54771942720474,60.10087491314232,31.607379514699616
73.35405669403502,31.512636498464772,73.50024015758021,31.60142256017032
75.83140035648421,31.499770206534393,75.97587504422745,31.59988447705352
45.12544341184281,31.537953802586955,45.247798857234045,31.588483180592718
52.07983796514526,31.52086395558534,52.16884379215554,31.57529954475139
48.38433004862503,31.477553408710392,48.50282811736008,31.547076928666357
48.03608790215884,31.45538547212321,48.136128950477485,31.506573974374376
92.47309966964315,58.1574606399076,92.54389258327438,58.209991935377516
82.80537495577278,45.37745577267354,82.89457607549002,45.52102705537497
83.53013089536807,45.310414843884544,83.71962502228735,45.38821460214861
73.00972073383929,44.72149872126219,73.10976175317984,44.78450361794411
81.79707418612242,44.4321189417994,81.91938090360236,44.51052908310244
84.67475983870884,44.07708956125886,84.7744589287854,44.12674000364318
45.54619527561857,43.49542452590315,45.714400434852394,43.621661888795
45.49204487911595,43.09937960699109,46.14770117919625,43.546100357987015
74.4317910301873,42.7883201640626,74.7651816837469,42.97720372848492
73.18667387497862,42.85492165349392,73.25492769915422,42.899493846771506
75.64224020596868,42.76600556093045,75.7093223085921,42.82168621841849
71.82436910560449,41.23065402675361,71.86928316170872,41.32175940063489
71.1862343624569,41.23277804757096,71.24110932930307,41.27725271390345
71.99883201474927,41.03282688824571,72.14330658198656,41.16621752872037
71.43208399358144,40.818666728039275,71.93217387231351,41.13511404404001
69.31025778008541,40.886659854022824,69.41381447240911,41.01065102571327
69.0104042948978,40.86778778876074,69.09936136628602,40.94395188661174
70.6878456831796,40.31573700246044,71.28930268270051,40.74400071189443
70.72124419675617,40.59388647116485,70.78002530542466,40.655353265341475
69.71025776827287,40.155043661921,69.72148051297745,40.19009449229772
69.52016995943205,40.17730928388282,69.86586524590774,40.36619314560242
44.30337300294974,40.066152160452404,44.64789642474125,40.32925466827878
71.02119530025055,40.14283661183539,71.08290616345352,40.255475260030536
67.56948628683733,39.9661764629506,67.61073832342464,40.04402509455541
44.49233792227966,39.95501926240705,44.55898028314192,40.01768228184325
43.27651763620554,38.46617662931702,43.414791045002005,38.57847341306574
44.6796426817171,38.166200869647824,44.859029255898974,38.277423552154616
55.11274800278886,37.22181614964417,55.26830662701957,37.33299002060248
68.9758340024473,37.12181611625245,69.21039641165328,37.31223805442387
59.03433003445997,36.066298530859015,59.245503950477485,36.233063243414634
71.70991609035843,36.01698218871242,71.82108985138609,36.077472442382984
71.76577538128703,35.71070775418373,71.82108988797745,35.81997730727183
46.980716758532765,34.28582979205744,47.22533780421617,34.43313647247196
72.6891152318916,34.11781219893304,72.73402933394357,34.16646167993939
71.3433144184416,33.747133498788045,72.73207611794811,34.2775700942647
71.87651753491349,33.92164522392771,71.92128519852628,33.94468435379595
63.12241600515921,33.97748016716737,63.21137302323524,34.03977702017396
44.525052706234305,33.06642072113654,44.67016215084527,33.21091968745269
44.1034706641226,33.052382566297794,44.60570898611968,33.73323416082452
51.48003326367353,33.0704489584637,51.58002533914953,33.14431814475252
73.57515034972118,32.99974579661132,73.64301356658905,33.06807301869078
69.35478908595354,32.37025371603558,69.48842387112757,32.49986009156997
55.99038472668627,31.855336713647958,56.05707615540513,31.91099284039312
92.70620503525032,55.94898899560171,93.14721293295679,56.10965013539918
71.62075582027126,40.23011692242629,72.07660745197302,40.58198896856884
69.088040989928,40.1320700484312,69.5657675881327,40.29954274709495
66.74165426148932,39.38841766653458,67.39955668485243,39.83711597441409
63.4779823934839,38.99952606643383,63.6772910162839,39.21182291139645
67.86616602303354,38.24908666702932,68.0121055071682,38.36582681788134
59.24541402166324,36.19806134602784,59.778755865490155,36.521881496699265
53.32402729952287,35.55519014749983,53.44643168484623,35.66890306099792
51.26890039468191,33.90916962844791,51.6135213606708,34.16792653861198
51.06899803510174,32.255361048987695,51.84662686660914,32.933136482677085
50.74673239358498,32.255116888637005,51.046919963964,32.41946462381749
54.24624411167713,31.83739235548937,54.468404253534516,31.988971464444447
74.21890039756403,31.730776120810972,74.33329680495513,31.866559299980267
14.206693381881593,27.53285126027278,14.307417867464977,27.599933314235997
14.384427726883274,26.996571963397955,14.52885339447559,27.078766386231862
12.762503924501374,26.576552448441632,12.818111371596103,26.60823404100445
5.497025368369464,22.76720184793207,5.57484952971825,22.829694012170464
7.318900347316259,18.69957499789065,7.4189902415713505,18.75723318466487
7.952103479979314,16.981386423295092,8.007710864922416,17.02024579052383
5.25259175644149,14.881117878966904,5.308345711618955,14.921832792664475
20.816605521067743,13.813222381414064,20.87231059041693,13.85469412216493
8.978812478470331,13.766225283710426,9.029830046504031,13.821808327764487
25.32925191579426,13.577260440212626,25.383834026530224,13.644025176815731
2.0309610082657628,13.468031952315897,2.1976523383584095,13.588458708240964
28.182084024523505,13.166518252460293,28.237691361214274,13.199127677816364
5.173197221419315,12.999404000661258,5.289693338280642,13.135944000409197
7.574515593014951,12.932875676939787,7.696724653415231,13.04404959091498
7.742240212353778,12.910585635272966,7.78398041997238,12.966339595786849
4.186087872327647,12.421742864432375,4.252828164989097,12.508990975281222
10.018509730899552,12.420644229022798,10.085249899206701,12.474640342396668
4.375052714611655,12.19090793888067,4.419576204610934,12.2314030537066
14.96206444937809,12.05287080953643,15.162154244306265,12.210602317357598
6.65239644995782,12.16612765965084,6.70795507448193,12.198346448323022
8.46514065361933,11.928285846253274,8.641060572442882,12.091901045347385
24.859183557210713,12.008559307115576,24.950923754285725,12.088580840206959
13.083304643272811,11.788344436252842,13.240279233373741,11.91067546658995
8.575052704858194,11.8326559488779,8.607710967742065,11.870807283008176
8.418802739100272,11.732924508601656,8.47548439268408,11.795636442806455
11.073880830405017,11.677236069758607,11.107955122352308,11.73281902079917
10.155912065530543,11.632753615178572,10.205220708494721,11.699493905293366
7.295707054744867,11.499379712351526,7.3744590128353025,11.566925567477384
13.672513738028357,11.487416705562168,13.729048865242817,11.54397634074509
26.14780660024894,11.388246770604255,26.193599652267096,11.433331739882703
9.675638653949136,11.321669641105146,9.718648481680361,11.366168714826358
13.506888688683915,11.299428408710412,13.540279339104188,11.366168578588145
27.782181603396793,11.269228228775802,27.837789086096024,11.310626737913807
7.690873007680665,11.009145205585426,7.7831016061395815,11.145490020602494
4.797171824289421,10.754994891314198,4.863814494897866,10.799518262855258
13.806693392610129,10.710268253557004,13.851216692826483,10.751373791963061
13.328958942023775,10.71046359662708,13.38466410113324,10.745392281673062
13.300101559025563,10.643910869201392,13.330952998428302,10.700104251463344
14.306595724446083,10.565859155316417,14.373433637351354,10.612262380834679
13.251273523051339,10.498403018085284,13.295796916357034,10.545929426883788
15.139505818522025,10.499379580585313,15.173580118961581,10.543927382375657
13.240189485885821,10.23182592560147,13.319576171071304,10.388336682168429
9.800589890921003,10.277113955585321,9.896382838695956,10.377228195312185
11.16289448738857,10.254897198301677,11.218404338283904,10.321735123617117
15.317337851097534,10.24640109088675,15.417623061502553,10.301373757640377
15.739798813791708,9.754897188090837,15.772017600038822,9.810577876536584
6.485794882361972,9.587270205585298,6.6080527248849705,9.700885528414943
2.608255815147885,9.29933075141993,2.6591268929221883,9.366168640625403
13.375345689330686,9.277162803263863,13.427876948032434,9.34817553136358
12.440238237022726,9.220351364394332,12.50282816237339,9.332794557342396
7.163382770913728,9.169936326293495,7.221334028554281,9.232818991618473
7.37436914330064,8.999404029430238,7.591353444137837,9.166168651009556
18.385697242036258,9.11048801724452,18.428169957242716,9.166534861756361
16.07280659811957,8.55499481496031,16.11391213385079,8.599469439466603
4.474955086134031,8.406630620207736,4.686568379843806,8.579083758046522
8.50762112288595,8.432680466153599,8.607710884461738,8.532697051041666
4.208304663711829,8.106703814359008,4.264058623325184,8.177228234761316
4.697074295470941,8.132753619115931,4.741646525531905,8.177887429182235
5.097123037019742,7.977065161816867,5.152730416392899,8.009308366737983
3.5774452788614894,7.954945986835284,3.616500040221922,7.9994939317938645
4.062796841044246,7.954945986835284,4.108443402295876,8.000030947657109
3.78628317000846,7.799330818364282,4.041792995007853,7.955035840307318
4.641654252692746,7.895937217828788,4.697163924260849,7.944318103161535
4.46391998453629,7.833437212128075,4.530660190115043,7.900983163182971
3.4147011417456383,7.7771139693996645,3.4577597783671195,7.843903058332955
4.09722068140735,7.801894267444837,4.1418418326750555,7.842364959330752
4.526029313215503,7.746205874840982,4.6194296758622215,7.832745879977438
3.697318425161029,7.7437155474658255,3.7300253975686246,7.79942068192976
5.696976582021335,7.70885223985762,5.752681627150423,7.800641296397302
4.408353507855367,7.698671709177546,4.464009809852342,7.756085723727452
27.95991597561641,7.649403994647798,28.048384771873202,7.757770269766468
13.573441497272768,7.28822235402275,13.628951131409394,7.329449896114639
16.372904252918033,6.287465574187706,16.417427666873976,6.327862937991426
15.584281275289868,5.899184310964543,15.647359417323798,5.95493826272633
15.895218706102384,4.88819793996025,15.939742114843483,4.927765382571849
22.78301177987558,4.699745808728068,22.86088474958723,4.754596452013658
28.22720114865095,4.588173525897815,28.289449249620276,4.654816191782231
28.37095112779997,4.510097368646939,28.460201173130116,4.60305837714742
14.351029374692843,4.388173525897926,14.411275404176848,4.45491381907712
18.51704488697223,4.340028994647895,18.650435465352132,4.432696919211523
15.773099691421976,4.199306338559651,15.839791059852473,4.280646261878331
13.440091846329068,4.201210659482555,13.495845642918908,4.244366973727367
27.870853597139018,3.6658590747534987,27.93778902432493,3.7104802321549357
28.558744097825013,3.577040709273888,28.615376958728092,3.6334782371791903
27.593412141312996,2.7214744390904713,27.65995701340958,2.7881657341430355
23.760599651277317,2.7027731677524685,23.805122943226138,2.743976346223633
28.94136137069961,25.477284856137445,29.004195227828802,25.555402108909007
15.117630815147834,12.221694037251794,15.174459028093537,12.277325848750337
7.6188515969288915,11.143862004028506,7.685689445382081,11.186725300461163
8.807572262054407,9.799452837473808,8.952046876529892,10.03274581245681
7.360062489097459,10.37713845458525,7.574605457151961,10.689069072624363
-63.924165940067525,-8.80743194285212,-63.831156209974864,-8.714666293554316
-67.8468711075374,-10.004453427227176,-67.78437898478688,-9.925262065330514
-64.9199180016584,-14.859189754686184,-64.88398826860686,-14.814568573147511
-68.26379007046225,-16.59219746735627,-68.03037495859445,-16.424041317786973
-66.30854090834396,-17.48091827049403,-65.97519920131646,-17.31417795952308
-67.17514260421254,-18.002402644733948,-67.08613666876093,-17.946355682522565
-65.32035741269826,-19.08243188464938,-65.19607319924211,-18.96871899845327
-69.40807714264378,-19.080625165528318,-69.37209861395661,-19.013885132965896
-65.79755470996102,-19.61392607093822,-65.71377342386887,-19.535760080960827
-69.04333098376972,-19.80279327097719,-68.98581938605372,-19.768767791897588
-65.40905374371658,-20.469297176107972,-65.36269920387622,-20.402556953455573
-68.86366801037863,-21.035849782349516,-68.76255269268171,-20.935759991910132
-65.0199180129772,-21.23580097155471,-64.98276765429762,-21.179168182745443
-64.75768656751418,-21.563779576457392,-64.69761137613384,-21.49127755967615
-68.73144136172547,-21.991269833477176,-68.66367574156021,-21.935418182660584
-65.60863869680105,-22.099765887441208,-65.5642128588967,-22.059295193190437
-63.68676363263634,-22.224179989727105,-63.631205112381195,-22.191521753434756
-68.9925254338969,-22.335654599017786,-68.95249409639763,-22.279998359491017
-68.93036722700455,-22.335654597419335,-68.86357818783463,-22.29601398158212
-68.97480077227277,-22.492148701227023,-68.88579495216962,-22.424432014574478
-64.35331643061397,-23.150107681848425,-64.29775776884125,-23.090935831860946
-64.83129496610223,-23.835410458401583,-64.76787500085555,-23.768670136752192
-69.11918558548399,-24.177939755352142,-69.03025288876233,-24.131170135647523
-65.36425387434733,-24.268857719823387,-65.17532134686348,-24.152703373084847
-64.88666605902168,-24.244053025947707,-64.84209375941538,-24.205144751257592
-65.14213472955387,-24.390537411602196,-65.08647855409319,-24.35787916063626
-65.48651955500117,-24.8573831077763,-65.35664448856656,-24.701775641638122
-65.32851175832428,-26.890439658744782,-65.08647852526133,-26.701531475588112
-66.61957620401012,-27.312558865732626,-66.55283595079487,-27.26803541073309
-65.6419883252587,-27.369785414586687,-65.5170937174035,-27.311980701876024
-65.64198829124058,-27.445859677227133,-65.57930074571121,-27.390203437615895
-64.8977500413302,-27.523642868062794,-64.83100972139766,-27.46759592584094
-64.32001566846387,-27.85689481693639,-64.16367573816115,-27.69025216689758
-65.83085548167043,-28.516758110834814,-65.67280662290293,-28.40118971530434
-62.864790947672645,-28.4694436616022,-62.79790426301631,-28.423455291897568
-65.16430277550612,-28.65518584910221,-65.08647862031995,-28.602410458276722
-67.52851175814428,-29.1971779170853,-67.43052148688295,-29.11217606811634
-66.90844338437293,-29.45669937894465,-66.78447659491968,-29.356560865813506
128.37202537620948,44.92247537624219,128.42279885408658,44.97813162015335
130.68232810526501,45.04261689856038,130.73832621604862,45.08303883412624
127.93877344379666,45.17787079205759,128.00551364811741,45.222980243669625
